0.09939749	-0.1813167	0.32263604	0.07843426	-0.06694664	0.34520492	0.07097085	-0.06992534	0.43867728	0.067151554	-0.07873747	0.45845008	0.067918785	-0.096053064	0.46180934	0.069405735	-0.1250027	0.45168507	forward
0.10016148	-0.18153661	0.3218265	0.080539666	-0.067779526	0.34546003	0.07122807	-0.07114695	0.43706486	0.06658003	-0.07985973	0.4566226	0.068319425	-0.09626442	0.46060953	0.06979059	-0.12425922	0.450079	forward
0.11921001	-0.17396884	0.32845804	0.08688254	-0.07544583	0.35418755	0.082633294	-0.0569513	0.4267959	0.072136395	-0.06810382	0.44419274	0.07333269	-0.083466366	0.45370388	0.08035364	-0.109430015	0.4484234	forward
0.11585907	-0.17501631	0.32375744	0.08367254	-0.07738525	0.35170498	0.08193137	-0.060198516	0.4246976	0.07121723	-0.071724206	0.44187182	0.07294538	-0.0866711	0.45184425	0.07936999	-0.11280085	0.445119	forward
0.11255592	-0.17355017	0.32250202	0.078518316	-0.074505925	0.34688318	0.075855434	-0.057017654	0.42047665	0.06556291	-0.06823526	0.4382515	0.06681918	-0.08370867	0.44747716	0.07344238	-0.110092476	0.441507	forward
0.1166049	-0.16852339	0.32407156	0.08365722	-0.070472516	0.3519231	0.07211797	-0.058943495	0.4180501	0.061678972	-0.06986527	0.4317311	0.06140299	-0.08424421	0.44122294	0.07025592	-0.107819885	0.43865046	forward
0.118656896	-0.17297909	0.3237711	0.0841078	-0.075634606	0.35254908	0.07579294	-0.06232837	0.41781303	0.06521904	-0.07457036	0.4328002	0.065809295	-0.08865328	0.44409317	0.074087515	-0.11243488	0.4402151	forward
0.11931673	-0.17089498	0.32577384	0.084688425	-0.06008453	0.3492883	0.07630668	-0.054958746	0.41951066	0.06560026	-0.06777634	0.43578398	0.06239342	-0.084126905	0.44214773	0.06912718	-0.10913509	0.4369396	forward
0.11523655	-0.18171212	0.32426086	0.09039855	-0.07518451	0.35075212	0.08256735	-0.06755398	0.43223566	0.07750578	-0.07557516	0.45127547	0.07904246	-0.09177242	0.45692363	0.08166773	-0.11906664	0.44771472	forward
0.11342803	-0.17768735	0.32440138	0.100868866	-0.05846706	0.33379567	0.09008779	-0.061416492	0.43272457	0.08427313	-0.06947799	0.45199543	0.085354894	-0.0861171	0.4577832	0.08798808	-0.113002315	0.44861057	forward
0.11576816	-0.1866595	0.31926918	0.09303565	-0.06848487	0.33057275	0.09169217	-0.06979859	0.42721212	0.08572741	-0.07912782	0.44629854	0.08811299	-0.09574628	0.45310438	0.09084415	-0.12294501	0.44432533	forward
0.106049135	-0.18267205	0.30810997	0.083115466	-0.064049646	0.31764507	0.079216376	-0.065442234	0.41420504	0.071529	-0.076078504	0.43358612	0.072181955	-0.09333055	0.43960118	0.07383888	-0.120095044	0.42967755	forward
0.12278148	-0.18240413	0.3005563	0.0958978	-0.06553887	0.31558302	0.09105266	-0.07053606	0.40964675	0.083849244	-0.08486654	0.42817616	0.07887547	-0.10421346	0.4300718	0.08743602	-0.12883034	0.42279756	forward
0.11764686	-0.18230388	0.3037066	0.09410095	-0.06466768	0.31154102	0.0848716	-0.06543212	0.4063558	0.07819455	-0.07485686	0.42527357	0.08062661	-0.091338515	0.4331779	0.087557144	-0.11870076	0.4272243	forward
0.111934386	-0.1859861	0.3106637	0.09314143	-0.06778432	0.31400192	0.083841	-0.062037274	0.402583	0.075958684	-0.07051684	0.42194155	0.076542266	-0.08670978	0.43094414	0.08134029	-0.11514348	0.42602322	forward
0.12728614	-0.1855499	0.3092959	0.11390583	-0.0657386	0.3053043	0.106635675	-0.054889202	0.3947613	0.099726096	-0.06102629	0.41511104	0.10099071	-0.07698622	0.42513508	0.10556775	-0.10702759	0.42303985	forward
0.08702404	-0.18732885	0.3229778	0.082386464	-0.067303926	0.3089848	0.064744994	-0.051132604	0.39590734	0.053506386	-0.056561574	0.414519	0.052198	-0.0714031	0.42476416	0.056798846	-0.10058159	0.4256542	forward
0.10958514	-0.1933783	0.30859023	0.10739774	-0.07327156	0.2963399	0.09292707	-0.05829473	0.38409373	0.08281151	-0.06395426	0.4029498	0.082787365	-0.07861402	0.41373292	0.08801784	-0.10789733	0.41441783	forward
0.12677546	-0.17899986	0.29245827	0.09804001	-0.065038145	0.31815246	0.095027015	-0.07719247	0.41263607	0.08884448	-0.091000706	0.430413	0.08895932	-0.108916	0.43390247	0.095342174	-0.1342336	0.42315847	forward
0.1486981	-0.17105295	0.21224512	0.13476117	-0.04997173	0.21912988	0.13840444	-0.048476838	0.31266576	0.132933	-0.05718132	0.3320445	0.12949319	-0.07479321	0.33789152	0.13243274	-0.1020824	0.33143243	forward
0.08415056	-0.19164608	0.16695946	0.046907682	-0.07627887	0.17037264	0.03163024	-0.07718292	0.26744127	0.021783935	-0.088474505	0.2858925	0.01897417	-0.10925669	0.2888934	0.025918478	-0.13790146	0.2803281	forward
0.1480612	-0.18376073	0.27269372	0.13855729	-0.06528914	0.29633418	0.13727076	-0.07417984	0.39110047	0.1303775	-0.085980095	0.408305	0.12979582	-0.10299877	0.4119761	0.13407025	-0.1279414	0.40243822	forward
0.14399396	-0.1875471	0.2918083	0.13393371	-0.067295626	0.3085531	0.12875149	-0.07013338	0.40165234	0.119286	-0.08027897	0.4183708	0.117265664	-0.09720391	0.4229612	0.12063279	-0.124199	0.4157246	forward
0.13815196	-0.18905821	0.2913784	0.12734364	-0.0700322	0.30727893	0.12171939	-0.071107104	0.39836937	0.11172083	-0.08072451	0.41501445	0.109404944	-0.0974017	0.41983777	0.113183	-0.12461489	0.41320974	forward
0.12523222	-0.18331984	0.30181178	0.10617757	-0.06698521	0.3220162	0.09592934	-0.06882922	0.41269347	0.08442515	-0.07933928	0.4283501	0.083778895	-0.09548989	0.43247586	0.08869767	-0.121613234	0.42459553	forward
0.14352214	-0.1767655	0.29481208	0.12543872	-0.056381315	0.2976759	0.12029283	-0.05400987	0.40291497	0.1117656	-0.067619696	0.4243272	0.1085096	-0.09028405	0.4302312	0.112556405	-0.124608204	0.42361426	forward
0.1412931	-0.17825885	0.29355425	0.12524568	-0.057917103	0.295991	0.11726898	-0.057174414	0.40205532	0.109392144	-0.07090047	0.4234801	0.10741459	-0.09163338	0.4291902	0.11203701	-0.12426299	0.422191	forward
0.13887353	-0.17869271	0.29554468	0.11695763	-0.059763707	0.3004503	0.11118098	-0.059479266	0.40448344	0.10351332	-0.07202488	0.4247958	0.10203216	-0.09265281	0.43032825	0.10669924	-0.1242633	0.42305005	forward
0.13634351	-0.17424932	0.27032715	0.09021111	-0.06513715	0.30119938	0.10097214	-0.08601321	0.4070615	0.09274834	-0.10726127	0.4242792	0.093453765	-0.12740767	0.42429703	0.09990951	-0.15452199	0.40894544	forward
0.14837994	-0.17500988	0.27744058	0.116473734	-0.061139323	0.30479485	0.1291084	-0.07347618	0.40676254	0.12164097	-0.08952911	0.425217	0.118626736	-0.10838182	0.426423	0.12083031	-0.13502577	0.413218	forward