0.07371965	-0.21029775	0.31082886	0.057242393	-0.09151162	0.32307953	0.05596421	-0.096183285	0.42563635	0.049978733	-0.107365265	0.44600353	0.05024471	-0.12553513	0.4507146	0.050187387	-0.15755	0.44240305	forward
0.071916655	-0.21284312	0.33320665	0.05979336	-0.09223016	0.3236032	0.062332965	-0.07523304	0.42123356	0.060880948	-0.08132562	0.44478396	0.06381662	-0.10050993	0.4542542	0.06252479	-0.13635406	0.45424455	forward
0.06872234	-0.20752189	0.3268138	0.057194207	-0.087362796	0.31319952	0.056783333	-0.06804046	0.40996888	0.05342982	-0.07339187	0.4335059	0.054600406	-0.09334281	0.44480866	0.05421041	-0.12919396	0.44563007	forward
0.058939084	-0.21154782	0.2992313	0.055498604	-0.09033577	0.28884336	0.073755786	-0.073405564	0.3852269	0.07354698	-0.078151464	0.4087075	0.0728938	-0.09751561	0.4180262	0.06537522	-0.1329442	0.41900942	forward
0.06313592	-0.20301564	0.30626434	0.055528432	-0.08131428	0.301053	0.061252367	-0.06664027	0.39780825	0.05781091	-0.07217492	0.42020655	0.05741263	-0.09186393	0.428787	0.055228993	-0.1268502	0.42800158	forward
0.067971304	-0.19724968	0.30824846	0.056450363	-0.07825216	0.296847	0.026664307	-0.07261865	0.40034604	0.01839597	-0.07972999	0.42020285	0.019726247	-0.09798224	0.42864668	0.025510479	-0.13094251	0.425847	forward
0.088785626	-0.19532636	0.30513173	0.07448311	-0.0762692	0.29670435	0.04346101	-0.075727716	0.39947796	0.035924554	-0.08368826	0.41956863	0.037799083	-0.1022896	0.4283589	0.045053102	-0.13584383	0.42464995	forward
0.068471946	-0.19944623	0.30919364	0.08698716	-0.081911206	0.29700658	0.08081655	-0.07075934	0.4030347	0.07313864	-0.074875355	0.4234825	0.06919688	-0.09142007	0.43106058	0.0630738	-0.123163044	0.42767346	forward
0.061836682	-0.20626122	0.31290948	0.06297939	-0.086756915	0.3092926	0.050895024	-0.0800187	0.41023856	0.042534202	-0.08622444	0.43033904	0.04089866	-0.10360925	0.43755275	0.0417981	-0.13698286	0.43478638	forward
0.077701926	-0.17110673	0.30633587	0.059978027	-0.05440703	0.33163556	0.05143217	-0.07448907	0.4323092	0.050070595	-0.09171355	0.4547695	0.049654502	-0.11241977	0.4581507	0.04899641	-0.1402494	0.44343734	forward
0.07861432	-0.17427011	0.29826486	0.04544753	-0.06432065	0.33797613	0.046827924	-0.07719141	0.43224612	0.048185267	-0.102242455	0.4559389	0.04635249	-0.13014795	0.45598403	0.044150285	-0.16234869	0.43796742	forward
0.067130536	-0.20870557	0.32002687	0.059165537	-0.08843187	0.30215186	0.053372804	-0.06878649	0.40156767	0.047910016	-0.07286757	0.4243257	0.044844843	-0.092441276	0.4338389	0.045532204	-0.12759463	0.43533605	forward
0.06808793	-0.2033427	0.32267457	0.06745498	-0.08737818	0.28875327	0.0639432	-0.054768234	0.38191125	0.0595316	-0.057596937	0.40704605	0.057636097	-0.074625954	0.41998807	0.058166943	-0.10944447	0.42629164	forward
0.0719606	-0.18655065	0.3009662	0.0659452	-0.065743744	0.3132711	0.062192604	-0.07215832	0.4159452	0.05286169	-0.0808745	0.43429798	0.051136106	-0.100669265	0.43870026	0.05111981	-0.13334903	0.43070912	forward
0.07193433	-0.18095136	0.30742234	0.061503034	-0.061739743	0.3259445	0.052707266	-0.07515812	0.42715693	0.045356482	-0.08776452	0.44625613	0.045374304	-0.10633695	0.45073426	0.04714768	-0.13337569	0.43969965	forward
0.073289074	-0.19499819	0.31523758	0.059423577	-0.07528803	0.3086682	0.034754965	-0.07132436	0.41057155	0.02348837	-0.08006309	0.42867222	0.023950242	-0.099955946	0.43667027	0.030789953	-0.13195902	0.4332266	forward
0.07348766	-0.19490415	0.3131629	0.083700754	-0.0764543	0.3059963	0.052510355	-0.066085845	0.39797354	0.04119689	-0.072112605	0.414649	0.03727104	-0.08954154	0.42263302	0.038531624	-0.11833209	0.41848698	forward
0.06831158	-0.20795359	0.31277284	0.07518853	-0.088757515	0.29740044	0.03434932	-0.073953494	0.38508686	0.022861876	-0.07828182	0.40179604	0.018034656	-0.09619103	0.4108904	0.022087798	-0.1252966	0.41097772	forward
0.07095372	-0.2175393	0.3353861	0.052696414	-0.099058226	0.32007685	0.07848489	-0.06946164	0.39580646	0.0851908	-0.06953432	0.41711873	0.09400379	-0.08513439	0.4291628	0.09627575	-0.1202836	0.43610895	forward
0.065251485	-0.20983246	0.30890378	0.05131331	-0.08920642	0.29702896	0.046718042	-0.068779916	0.38428807	0.043114446	-0.07578319	0.40869233	0.045630053	-0.09495105	0.42207736	0.049770925	-0.1294094	0.4240823	forward
0.072409436	-0.18882543	0.2957021	0.036213648	-0.07597016	0.3232616	0.026727434	-0.09417176	0.4204006	0.020304097	-0.11110577	0.43934616	0.017201278	-0.1330658	0.44005093	0.024821747	-0.15992239	0.42748052	forward
0.061966643	-0.22094381	0.3431358	0.06549699	-0.10957058	0.30154333	0.051966187	-0.06971003	0.375071	0.04433856	-0.07080491	0.3974074	0.041058663	-0.08564423	0.41269886	0.043383274	-0.115502805	0.42178386	forward
0.08180384	-0.18350624	0.3119476	0.07093834	-0.06556989	0.33294612	0.07474166	-0.07355885	0.42912033	0.06718935	-0.08485593	0.44835636	0.06473083	-0.10357551	0.4525193	0.063942835	-0.13027842	0.44164014	forward
0.07397626	-0.19298671	0.30267525	0.043217216	-0.0774461	0.32045645	0.03327117	-0.08286956	0.41751027	0.023529667	-0.09583247	0.43526322	0.023241945	-0.11560048	0.43940175	0.030209532	-0.1430489	0.43071705	forward
0.07250156	-0.19781628	0.29806927	0.053453565	-0.08053088	0.3142428	0.03592682	-0.08652753	0.4100449	0.023368303	-0.09792687	0.42490068	0.021270588	-0.116551846	0.42843705	0.029080717	-0.14344536	0.42114788	forward
0.07155324	-0.19092382	0.29288733	0.039538845	-0.07575084	0.31175587	0.030077402	-0.0851558	0.4110977	0.018217452	-0.09867562	0.42722237	0.016854687	-0.118074164	0.43002224	0.024058033	-0.14377113	0.42051595	forward
0.07088666	-0.19051898	0.29076108	0.04187652	-0.074843034	0.30908945	0.031049637	-0.08490467	0.40835774	0.018777438	-0.098539874	0.4242439	0.016018223	-0.11822115	0.42661846	0.023576466	-0.14371704	0.4174543	forward
0.06163708	-0.18773553	0.30074865	0.034719467	-0.07017717	0.31473348	0.029007686	-0.07612449	0.41520113	0.018226517	-0.088949785	0.43279743	0.017264392	-0.10840598	0.4375138	0.02279571	-0.13437866	0.42823058	forward
0.06753769	-0.19958508	0.30935585	0.05864359	-0.07812458	0.30472583	0.0648171	-0.06030406	0.3903545	0.057527993	-0.066337675	0.41170752	0.05743239	-0.0830213	0.42184263	0.059753515	-0.11194396	0.42050987	forward
0.06956511	-0.19854686	0.31139356	0.061838783	-0.076785594	0.306987	0.06944034	-0.06041859	0.39494568	0.060088202	-0.06685275	0.41590458	0.058860652	-0.08391802	0.4254039	0.061131362	-0.113734275	0.42420518	forward