0.07064383,-0.15840426,0.39422125,0.1426468,-0.06251162,0.40866324,0.06682133,-0.055841424,0.40099102,0.05512929,-0.059496634,0.39058262,0.046006795,-0.06369282,0.39948168,0.03429894,-0.07003508,0.42217246,backward
0.07229681,-0.1417669,0.3973854,0.14679018,-0.04726199,0.40733632,0.071401104,-0.038831085,0.4003669,0.05944945,-0.042800695,0.3899377,0.050293088,-0.04798259,0.39874288,0.03833928,-0.053087838,0.42145255,backward
0.073033996,-0.14612366,0.39392194,0.14663213,-0.05086174,0.40353087,0.07218903,-0.042991288,0.39542788,0.060510598,-0.04747142,0.384852,0.051740237,-0.053397946,0.39335263,0.040006083,-0.058691256,0.4155106,backward
0.0759145,-0.13624576,0.41722503,0.15246238,-0.042740695,0.39948565,0.07146339,-0.028153598,0.38977015,0.059459362,-0.029734828,0.3801301,0.049241304,-0.035743073,0.39062554,0.034904763,-0.04249768,0.41408426,backward
0.07430924,-0.14640614,0.41249835,0.15028374,-0.05181218,0.39809695,0.06974121,-0.0375253,0.38906428,0.058192383,-0.040569052,0.3793969,0.048199166,-0.047363,0.3901002,0.033629883,-0.053637102,0.41192034,backward
0.08040652,-0.15764996,0.39839032,0.155844,-0.061820332,0.39209953,0.07567468,-0.053046633,0.38249427,0.06443083,-0.056045204,0.37281007,0.054867268,-0.061953284,0.38180238,0.04146246,-0.06692007,0.4043538,backward
0.07985059,-0.175506,0.3871421,0.15267004,-0.07720625,0.3903131,0.07434127,-0.069383375,0.37619868,0.063624755,-0.075099915,0.36560136,0.05375276,-0.08089995,0.37385488,0.040234093,-0.08563262,0.39543164,backward
0.04878331,-0.1317302,0.40825456,0.1200017,-0.032342598,0.40918952,0.041728895,-0.030327298,0.38521326,0.031835355,-0.04023794,0.37418547,0.019720556,-0.03645116,0.38681614,-0.0054043317,-0.03266006,0.42468697,backward
0.06744281,-0.1564116,0.3998673,0.13907056,-0.05742354,0.39855382,0.06093563,-0.051972665,0.38880223,0.04996539,-0.058394343,0.37905914,0.039312065,-0.06095557,0.39008427,0.022716861,-0.06346935,0.419157,backward
0.066837996,-0.1611579,0.3988528,0.13993439,-0.06306557,0.39920714,0.062959075,-0.05485876,0.39019948,0.051616386,-0.061548308,0.37962815,0.040834825,-0.06435433,0.38848838,0.024327144,-0.06560279,0.41565233,backward
0.059409235,-0.13896126,0.40460476,0.13596867,-0.043823093,0.39953703,0.059462264,-0.036550328,0.3858874,0.048524015,-0.043240607,0.3748572,0.038181078,-0.04521942,0.38439244,0.023683567,-0.047632284,0.40732726,backward
0.05565778,-0.14418992,0.4101429,0.13217713,-0.04915563,0.40938172,0.054183163,-0.04071378,0.3935189,0.042967614,-0.04621479,0.38430375,0.03251753,-0.048652172,0.3956764,0.016163215,-0.05087073,0.42221907,backward
0.066034645,-0.14333865,0.41556394,0.14258847,-0.04873319,0.41556087,0.06637741,-0.040689044,0.40506303,0.054773916,-0.045413308,0.39424157,0.045209076,-0.047863692,0.40519172,0.031510543,-0.049416706,0.4323144,backward
0.07086623,-0.1435957,0.4147301,0.1461342,-0.048044853,0.41437417,0.070313975,-0.03936453,0.4038661,0.05882645,-0.04525072,0.39294434,0.04958238,-0.049030498,0.40381306,0.035382606,-0.050402157,0.4300749,backward
0.058134925,-0.14015612,0.41906607,0.13701716,-0.047142014,0.4156294,0.057524208,-0.03581342,0.39745453,0.047067784,-0.042817883,0.3874363,0.036925614,-0.046345845,0.39794555,0.021985529,-0.04888802,0.42248338,backward
0.065537736,-0.1398821,0.40867886,0.14252995,-0.045192942,0.4085784,0.06368243,-0.0375038,0.38979453,0.05326823,-0.042596623,0.38004407,0.043042183,-0.046077497,0.39054605,0.028701946,-0.050342925,0.41511926,backward
0.04832144,-0.1314501,0.4189114,0.12889445,-0.04218284,0.43343288,0.059113003,-0.02401565,0.41142374,0.049337342,-0.029447325,0.3976345,0.038147487,-0.030241393,0.40646827,0.019371819,-0.03310512,0.43077826,backward
0.057182137,-0.11352739,0.411574,0.1332299,-0.017932303,0.40444133,0.05541064,-0.015507638,0.37402555,0.045988373,-0.022626221,0.36553523,0.034333542,-0.024045087,0.37331128,0.018416129,-0.02541206,0.3960553,backward
0.05679652,-0.11751274,0.41728556,0.13123292,-0.02114357,0.4057853,0.05625135,-0.022482112,0.37116897,0.047566473,-0.030469403,0.36361906,0.035575237,-0.032335848,0.37056342,0.018190319,-0.030821413,0.38971505,backward
0.065686226,-0.10919459,0.41790855,0.14243312,-0.01483161,0.4135338,0.06526172,-0.008053005,0.38840234,0.054817162,-0.013372682,0.37946722,0.044278584,-0.016223855,0.39068216,0.027616303,-0.019397378,0.4155235,backward
0.054486424,-0.15422444,0.39014715,0.12644544,-0.055398323,0.39221635,0.049384333,-0.052180894,0.36232877,0.04027362,-0.06007199,0.3536911,0.029259153,-0.063418396,0.36074063,0.013775182,-0.06453272,0.3823548,backward
0.06155283,-0.14449151,0.38684174,0.13258912,-0.045386538,0.38750827,0.056748386,-0.044007607,0.3591819,0.047568858,-0.050594084,0.3514754,0.036057815,-0.052972637,0.3577794,0.021705631,-0.055264592,0.37668768,backward
0.0684976,-0.1118469,0.40248492,0.14162719,-0.014508076,0.39782825,0.065894134,-0.008183315,0.37568927,0.055454537,-0.015163168,0.36680973,0.04507548,-0.018044904,0.37659153,0.030272638,-0.019376792,0.40331942,backward
0.061106265,-0.11897963,0.40155613,0.13184477,-0.019874796,0.40181842,0.057317585,-0.016685784,0.37773827,0.04755149,-0.02280303,0.36838743,0.03720872,-0.02616661,0.37837112,0.022372618,-0.029041305,0.40459523,backward
0.048883773,-0.1434463,0.39438504,0.119026735,-0.044289663,0.39888018,0.040767908,-0.03866855,0.37382138,0.030114073,-0.04385484,0.36430383,0.018099565,-0.04724597,0.37018383,0.0045204964,-0.05542746,0.39029843,backward
0.05395307,-0.14003804,0.40452564,0.13063121,-0.04446798,0.39815986,0.051576983,-0.045080423,0.35425672,0.042644024,-0.05168532,0.34598568,0.029955044,-0.053357795,0.35171697,0.012894781,-0.05570773,0.37163627,backward
0.05908036,-0.14243406,0.39357457,0.13622709,-0.048107393,0.3933491,0.058619723,-0.036923498,0.3655241,0.04790758,-0.041601166,0.3560079,0.035957117,-0.0443099,0.36537185,0.018717635,-0.04876902,0.38981208,backward
0.060107946,-0.14460212,0.39471084,0.13631824,-0.050212972,0.3968278,0.059754707,-0.03919939,0.36678106,0.04951395,-0.044252977,0.35781798,0.038070485,-0.048218742,0.3652835,0.02255705,-0.05234588,0.38567457,backward
0.05899534,-0.15047768,0.39301118,0.13480604,-0.055458397,0.39690608,0.05795934,-0.045034908,0.36546564,0.047787726,-0.049844272,0.35652146,0.03651255,-0.053926,0.3646377,0.021103628,-0.059312366,0.38531002,backward
0.056449205,-0.1452629,0.39247987,0.13039577,-0.04857561,0.3949663,0.05352118,-0.040310524,0.36447388,0.043268036,-0.045594484,0.35528573,0.031608105,-0.04893467,0.3639476,0.0151133835,-0.052792534,0.3881008,backward
0.059198014,-0.13845715,0.39778593,0.13915963,-0.046333224,0.39526317,0.06423456,-0.033536732,0.3557379,0.054556295,-0.043273553,0.3466325,0.04175438,-0.045569047,0.3517206,0.02464596,-0.048937634,0.36832556,backward
0.06079242,-0.147603,0.391441,0.13663052,-0.05284383,0.39540657,0.061691493,-0.040464327,0.3589949,0.052250504,-0.05040028,0.34900004,0.039943602,-0.053583153,0.3542528,0.0236618,-0.057348818,0.37217033,backward
0.06406145,-0.14670229,0.39149502,0.13865547,-0.05083912,0.39504266,0.06380304,-0.03964048,0.35909727,0.054610327,-0.050189823,0.34925067,0.042477004,-0.053398438,0.35421473,0.026367165,-0.05707848,0.3724683,backward
0.06972696,-0.14443506,0.38597667,0.15132709,-0.054587662,0.3831728,0.078168884,-0.037644707,0.34697056,0.067942046,-0.04868957,0.3373331,0.055112027,-0.051520362,0.34160858,0.039071172,-0.0552392,0.357264,backward
0.06719262,-0.14493912,0.38480455,0.14591077,-0.052531146,0.38391712,0.07233788,-0.037723906,0.34879103,0.06270537,-0.04877007,0.3393549,0.05020711,-0.051589914,0.34359056,0.03494091,-0.055401064,0.36021802,backward
0.07940965,-0.17804681,0.28735793,0.07705414,-0.061114274,0.3010231,0.06255847,-0.0713311,0.4006212,0.05917638,-0.08141768,0.42151064,0.06060826,-0.09937103,0.42698872,0.060022783,-0.1286381,0.41705948,forward
0.07590271,-0.18204491,0.28425854,0.07111553,-0.06591952,0.29752472,0.056671962,-0.076639906,0.39815298,0.052216772,-0.0869365,0.41810927,0.051457502,-0.10490672,0.4225738,0.05097348,-0.13473278,0.41234604,forward
0.07648772,-0.17988902,0.28772587,0.073344566,-0.063216165,0.30255413,0.05786741,-0.07741274,0.40503225,0.054444797,-0.08817987,0.4253287,0.05506791,-0.10592347,0.42941797,0.052441664,-0.13425829,0.4172349,forward
0.09829156,-0.16649711,0.287771,0.09163339,-0.048400164,0.30649778,0.07387616,-0.066043146,0.40709743,0.070368074,-0.07822188,0.42736018,0.06964362,-0.09589821,0.43039128,0.06978131,-0.12063463,0.41716075,forward
0.09091976,-0.17392945,0.2840327,0.08804947,-0.05711353,0.30001813,0.06850221,-0.07344354,0.4011522,0.062380113,-0.08427519,0.41960323,0.063726366,-0.101161785,0.42442888,0.064588666,-0.12708521,0.4124557,forward
0.08805898,-0.18791331,0.28451458,0.08025906,-0.06971909,0.29049426,0.07171352,-0.08415765,0.4022119,0.065999225,-0.095574126,0.4221428,0.067307584,-0.11322297,0.42586488,0.068108864,-0.14221202,0.41500407,forward
0.0795615,-0.18745053,0.27627453,0.06392515,-0.06904259,0.27783325,0.056998935,-0.076068036,0.38735557,0.054275203,-0.08694898,0.4092112,0.05674269,-0.10644139,0.41462868,0.05763699,-0.1398062,0.4059333,forward
0.07715497,-0.18826872,0.28059232,0.0780746,-0.0705191,0.2814108,0.06448597,-0.07682832,0.3892717,0.05754228,-0.086370684,0.40914267,0.059167005,-0.10469109,0.41575044,0.059276916,-0.13573748,0.40720803,forward
0.07592749,-0.18585661,0.29189467,0.07855031,-0.0682681,0.29396394,0.06295267,-0.07507056,0.40105078,0.05806467,-0.08444336,0.42151386,0.05823514,-0.102365315,0.4274039,0.05503673,-0.13142073,0.41725034,forward
0.07640354,-0.18848184,0.28838232,0.08478849,-0.071081296,0.28758264,0.062408745,-0.075846374,0.3952045,0.054235496,-0.084104754,0.4143993,0.052345254,-0.10137885,0.419917,0.049239106,-0.12902476,0.40965647,forward
0.07722687,-0.18865173,0.29204807,0.07887262,-0.07114936,0.29037637,0.056726426,-0.07578975,0.3967317,0.051049255,-0.084623106,0.4171088,0.052242965,-0.10202298,0.4239191,0.05352874,-0.13259724,0.41609165,forward
0.07821674,-0.18579698,0.28798804,0.06805503,-0.068094954,0.2840152,0.055252068,-0.069023564,0.39171213,0.04921241,-0.078812696,0.41296065,0.051576063,-0.0966854,0.4194306,0.0538381,-0.12950474,0.41305664,forward
0.06620093,-0.19185826,0.28720197,0.050368927,-0.07324396,0.2858316,0.034871954,-0.07609872,0.39230934,0.030165479,-0.08625419,0.41414267,0.032566622,-0.106584616,0.42076018,0.034768086,-0.1407533,0.41368702,forward
0.06350422,-0.19978438,0.30475044,0.07341656,-0.08349325,0.29211742,0.06203165,-0.07443185,0.3986415,0.055066913,-0.08048069,0.41946095,0.05549436,-0.09627466,0.4268763,0.050952684,-0.12862653,0.42308924,forward
0.079683855,-0.18253057,0.29302546,0.056289848,-0.07734437,0.32724744,0.05210165,-0.07482679,0.4075554,0.05447288,-0.08653724,0.4303244,0.05244755,-0.10613511,0.43317086,0.051768094,-0.13757218,0.42255792,forward
0.08409398,-0.17934242,0.30144045,0.06727761,-0.06911441,0.31856322,0.061971836,-0.07399821,0.41383198,0.057169754,-0.0842122,0.43343168,0.05829522,-0.100267485,0.43842483,0.059527744,-0.12702587,0.42800114,forward
0.0785499,-0.18086474,0.29890418,0.06420582,-0.06920578,0.31798512,0.05278475,-0.0719994,0.40884602,0.04898996,-0.08292647,0.42976016,0.050039202,-0.10064719,0.4355762,0.050015613,-0.12930156,0.42543897,forward
0.071203575,-0.17526245,0.31038806,0.06088219,-0.062028266,0.3237254,0.04789631,-0.066016845,0.4188271,0.042531114,-0.074859574,0.4387525,0.042924915,-0.090993755,0.4440934,0.043780237,-0.119391546,0.43503106,forward
0.07777975,-0.1590617,0.3123616,0.065801546,-0.044962116,0.32149103,0.053659994,-0.045275286,0.4162153,0.04814011,-0.05346659,0.43589917,0.049335454,-0.068786934,0.44217148,0.04970061,-0.09718405,0.43413028,forward
0.079258695,-0.16598502,0.30703074,0.06754431,-0.053075388,0.3164696,0.05681944,-0.05504076,0.41394806,0.05159966,-0.06346086,0.43368724,0.050375663,-0.07996473,0.43843734,0.052243367,-0.108358175,0.43028766,forward
0.07090664,-0.1815061,0.30668432,0.07050377,-0.06511307,0.31410763,0.07666209,-0.06424373,0.41547865,0.07596846,-0.07514851,0.43933624,0.07248066,-0.09516017,0.44419143,0.064807475,-0.12907106,0.43650392,forward
0.08656052,-0.18908685,0.29241237,0.08508963,-0.07379679,0.2932196,0.08599043,-0.07017881,0.3936965,0.08020139,-0.076712355,0.4141559,0.08041261,-0.09304599,0.42109656,0.07671728,-0.122778885,0.41431952,forward
0.07188311,-0.18728788,0.29626846,0.054070827,-0.07291395,0.30909884,0.042738497,-0.08136507,0.4106245,0.037392125,-0.093254454,0.43091273,0.0365965,-0.11105365,0.4343283,0.03563997,-0.14158517,0.42304778,forward
0.076055475,-0.18122882,0.30722684,0.07025037,-0.06493676,0.31560206,0.060013562,-0.07128832,0.41732103,0.053691838,-0.0812273,0.43703696,0.053129606,-0.098494805,0.44252515,0.05177643,-0.12606627,0.43222937,forward
0.09389525,-0.18641993,0.2910445,0.090323605,-0.07026459,0.29711303,0.08280092,-0.07162774,0.3968514,0.07651862,-0.079928055,0.41616923,0.07635909,-0.09628816,0.42182967,0.076410055,-0.1251783,0.41423792,forward
0.080979444,-0.18475434,0.29018682,0.076373026,-0.06930919,0.29358461,0.069296405,-0.07221388,0.39565524,0.06335218,-0.07968236,0.41524526,0.06274445,-0.095894195,0.42080662,0.060885344,-0.12556776,0.41249153,forward
0.06647438,-0.2110722,0.25713608,0.058916807,-0.09545358,0.26379767,0.053528752,-0.096901245,0.36476105,0.045606013,-0.105471514,0.3848122,0.04439239,-0.124298885,0.39054322,0.044526286,-0.15621004,0.38294682,forward
0.06893944,-0.21109441,0.25644824,0.06197167,-0.09615632,0.2648419,0.05848188,-0.09825812,0.365656,0.050978612,-0.107278876,0.38591307,0.050237246,-0.12556973,0.39114127,0.050218236,-0.15779123,0.3834359,forward
0.075132385,-0.19742137,0.28702933,0.06797232,-0.08220606,0.29982623,0.06643398,-0.09159081,0.4026479,0.06027847,-0.10176564,0.42252403,0.05931328,-0.11931937,0.4266167,0.057235446,-0.14906783,0.41632566,forward
0.09448984,-0.19481835,0.2846002,0.09337309,-0.07821669,0.28741717,0.08718346,-0.08337418,0.3933103,0.08202518,-0.09237343,0.41356248,0.080666095,-0.11007745,0.41896445,0.08061656,-0.1392191,0.41069108,forward
0.08435398,-0.20104721,0.27775353,0.08252079,-0.084113546,0.28122997,0.07511689,-0.08739524,0.3855808,0.06813288,-0.09705883,0.4056333,0.0661245,-0.11465622,0.41047204,0.06596023,-0.14490005,0.40237725,forward
0.08880116,-0.19821277,0.27581266,0.08454895,-0.08112445,0.28079706,0.07998322,-0.08610766,0.3859497,0.074360736,-0.095264696,0.4060457,0.07275523,-0.11297215,0.41040882,0.07183768,-0.14232627,0.40155473,forward
0.08278036,-0.1874134,0.27548593,0.07585951,-0.07001392,0.28216052,0.07794303,-0.07478657,0.389709,0.07067256,-0.08499544,0.40949997,0.07070728,-0.10280677,0.41371644,0.06872029,-0.13309914,0.40518793,forward
0.09130509,-0.18237358,0.27672833,0.08016038,-0.079109326,0.3087177,0.08407145,-0.07641074,0.39389685,0.07472268,-0.083976835,0.4106118,0.072448686,-0.096821524,0.4124536,0.07008076,-0.12022404,0.40185797,forward
0.10124394,-0.18501067,0.27574402,0.09120201,-0.08051638,0.30724773,0.097220145,-0.07781453,0.3921102,0.08878052,-0.08594105,0.40955177,0.08585889,-0.09967848,0.41158175,0.083417736,-0.12650563,0.4020843,forward
0.07165842,-0.14607842,0.3375771,0.08693306,-0.047722816,0.33206457,0.08013584,-0.0751009,0.343735,0.06893788,-0.080651835,0.34673288,0.056334246,-0.08543526,0.34932584,0.043166686,-0.08758718,0.3499238,stop
0.06766366,-0.14534758,0.34411415,0.0881027,-0.048458762,0.32983667,0.07793081,-0.07505667,0.34340847,0.066991575,-0.08049606,0.3471478,0.05451253,-0.08466087,0.34977686,0.041512582,-0.08656223,0.3504517,stop
0.057657816,-0.13824323,0.35201222,0.081738025,-0.045349017,0.32801706,0.070931956,-0.06916298,0.3431808,0.06025351,-0.07569189,0.34704995,0.048047908,-0.07948908,0.34958652,0.035312574,-0.08089785,0.35012904,stop
0.051344443,-0.12110248,0.33778054,0.07444878,-0.023189366,0.33900556,0.06597899,-0.04940422,0.34844044,0.05419276,-0.054514542,0.3523486,0.040991805,-0.05904603,0.35463458,0.02798606,-0.061146304,0.35530728,stop
0.057596095,-0.13183597,0.33014736,0.078494266,-0.0338026,0.33644444,0.06998208,-0.062005788,0.34318048,0.059458066,-0.06895709,0.34771073,0.046830103,-0.07435781,0.35015792,0.033856414,-0.07669246,0.35051468,stop
0.058706637,-0.14319175,0.33691633,0.08356538,-0.049321182,0.31564277,0.07265199,-0.07450141,0.3306384,0.061301373,-0.07932946,0.33377922,0.048656233,-0.08259882,0.33602107,0.03580743,-0.0839785,0.33617952,stop
0.050156713,-0.12686601,0.33656257,0.076873414,-0.03542749,0.31960565,0.064188376,-0.05967444,0.33142027,0.05361951,-0.06679997,0.33244962,0.04172718,-0.07073754,0.33185583,0.029504977,-0.072158575,0.32958493,stop
0.051306948,-0.13370867,0.32699007,0.07391177,-0.038081273,0.3089747,0.062646426,-0.06504817,0.3238323,0.052047204,-0.07101254,0.3260871,0.039727733,-0.07490369,0.32730567,0.026949346,-0.07674934,0.326827,stop
0.049816765,-0.113809586,0.35463917,0.06369313,-0.016119197,0.33807373,0.05789408,-0.04282716,0.3538424,0.04730281,-0.048318893,0.3586447,0.034930065,-0.053176552,0.36197412,0.022105165,-0.056424662,0.36263764,stop
0.049531672,-0.13080338,0.32762462,0.071484804,-0.034124903,0.30798036,0.063712135,-0.06293124,0.32452595,0.05241749,-0.06659061,0.32889262,0.039793465,-0.070269644,0.3320584,0.02669143,-0.071894854,0.33315513,stop
0.066121764,-0.14404705,0.33483896,0.09890676,-0.052198462,0.31765628,0.086463585,-0.07809803,0.33061212,0.07517809,-0.082172304,0.33470058,0.06264345,-0.08459163,0.3379907,0.04981789,-0.084731996,0.33959618,stop
0.04926808,-0.14170927,0.3426618,0.084757805,-0.050989337,0.31937972,0.06812857,-0.076502346,0.33073065,0.057305567,-0.08156735,0.33478177,0.045049664,-0.08417633,0.33733177,0.032353383,-0.08375254,0.33843398,stop
0.06494862,-0.12533179,0.3438248,0.08952003,-0.028128102,0.33919877,0.07768923,-0.05631326,0.34671685,0.06713943,-0.061904892,0.35108244,0.054535612,-0.06570424,0.3543193,0.041480396,-0.067097366,0.35518688,stop
0.06545461,-0.13234787,0.3372312,0.08135782,-0.031757966,0.33183175,0.07213538,-0.05953768,0.3404152,0.06227814,-0.066140786,0.3460438,0.05011793,-0.071777284,0.34984455,0.037035905,-0.074465394,0.35165364,stop
0.06616184,-0.13633558,0.32820264,0.091798335,-0.040990815,0.31283838,0.079460286,-0.06904366,0.32452992,0.06907175,-0.07373218,0.32892653,0.056754325,-0.07709317,0.33218986,0.043565195,-0.0778841,0.33356276,stop
0.06282908,-0.1403043,0.32677653,0.08390907,-0.043720983,0.3119863,0.07313725,-0.072103746,0.3237995,0.0629623,-0.07712551,0.3285518,0.050820287,-0.08092902,0.33227235,0.037577078,-0.082124986,0.3343892,stop
0.04788907,-0.10384314,0.35330263,0.08025013,-0.010927439,0.34248284,0.06685061,-0.037190616,0.35125214,0.055780504,-0.043618858,0.35448888,0.043166883,-0.046760052,0.35532004,0.030368594,-0.0469525,0.3539736,stop
0.0582735,-0.122800335,0.3318158,0.0920619,-0.031211436,0.31992757,0.07849414,-0.05703725,0.32823142,0.06785321,-0.06382105,0.33215988,0.055470314,-0.067582056,0.33379948,0.042883314,-0.068919495,0.33311197,stop
0.05943016,-0.12900817,0.33640888,0.09914637,-0.03845772,0.3240731,0.081454284,-0.0645089,0.3340051,0.070346564,-0.070728526,0.3360644,0.05807159,-0.07370046,0.33727837,0.04540438,-0.073920354,0.33709925,stop
0.06627702,-0.119540095,0.34308106,0.103512384,-0.028398618,0.32613477,0.086094484,-0.054447964,0.3376695,0.0753662,-0.06030406,0.34023657,0.06315557,-0.06341876,0.34126425,0.05044368,-0.06400481,0.34044075,stop
0.0676478,-0.12002089,0.33430055,0.10171419,-0.025427327,0.31469503,0.085715964,-0.05302182,0.32805,0.07448565,-0.058493167,0.3291547,0.062219366,-0.062210754,0.330562,0.04941221,-0.0630939,0.33053973,stop
0.07475998,-0.1277604,0.3319438,0.10090768,-0.032324612,0.31577402,0.088289745,-0.058000907,0.32699284,0.07782811,-0.06439662,0.33088276,0.06544764,-0.06851432,0.33343846,0.052497435,-0.0700475,0.33406436,stop
0.073470525,-0.12968782,0.33386642,0.10048496,-0.03351769,0.3194401,0.08633518,-0.060830846,0.33046222,0.07561203,-0.066774085,0.33386904,0.06333096,-0.07092866,0.33619636,0.05052389,-0.07252443,0.33656394,stop
0.05584125,-0.12830873,0.33588886,0.08647786,-0.035978198,0.3187446,0.07164341,-0.06457271,0.327944,0.061591446,-0.07138573,0.32900816,0.04999866,-0.074983396,0.329678,0.03758742,-0.07555526,0.32721043,stop
0.068465106,-0.12607017,0.3323224,0.09940781,-0.031966984,0.3180834,0.08553197,-0.059226856,0.32950574,0.07504962,-0.065376654,0.33229896,0.062925726,-0.06931478,0.33364645,0.04997585,-0.070747375,0.33415446,stop
0.071865484,-0.12071862,0.33310616,0.09093044,-0.021763816,0.32637626,0.08109012,-0.05108443,0.33564955,0.07102162,-0.057638943,0.33951944,0.058633134,-0.06245601,0.34198496,0.045507915,-0.06489082,0.34254202,stop
0.06509315,-0.12660572,0.3303715,0.09423694,-0.029826552,0.32183182,0.0799239,-0.058587685,0.32990426,0.069667555,-0.06543644,0.33345172,0.057507183,-0.06984262,0.33549002,0.044641275,-0.07112676,0.33504388,stop
0.06548013,-0.12773144,0.33144763,0.0998171,-0.0351063,0.3193918,0.08403053,-0.061687097,0.32895395,0.07350918,-0.06804471,0.33167017,0.061395966,-0.071515694,0.33311564,0.048586983,-0.07206701,0.33308023,stop
0.05592311,-0.107974246,0.35266852,0.08855445,-0.015697956,0.3460802,0.07546391,-0.041612804,0.35058722,0.06550861,-0.05026588,0.3540287,0.053696256,-0.05479577,0.35551098,0.041395746,-0.055673942,0.35386795,stop
0.061426,-0.1261274,0.3219088,0.09506145,-0.033465132,0.31216037,0.080435425,-0.0614312,0.31914645,0.07078595,-0.06882523,0.322093,0.059032887,-0.07255763,0.3237488,0.046195704,-0.073372275,0.32320198,stop
0.06381619,-0.13318555,0.3203963,0.090885326,-0.038239747,0.32065415,0.0783364,-0.06889374,0.32497388,0.0689836,-0.07667826,0.32632673,0.05733894,-0.08097875,0.32703537,0.044276375,-0.08220819,0.32615703,stop
0.075482115,-0.12054355,0.32468712,0.102066725,-0.024947166,0.3143171,0.08989665,-0.053736523,0.3214416,0.08086914,-0.06220521,0.32585374,0.06913661,-0.06660165,0.32814473,0.055972215,-0.06762746,0.32841206,stop
0.08145577,-0.1443691,0.3311338,0.10775301,-0.05005195,0.3234079,0.095964365,-0.07729168,0.33057112,0.08645011,-0.08498656,0.3337955,0.07484618,-0.08992313,0.33541128,0.062219087,-0.092151746,0.33556604,stop
0.07592656,-0.13653728,0.3309008,0.100627266,-0.041132823,0.32021245,0.08924881,-0.067792155,0.3290648,0.08007773,-0.0760884,0.3323454,0.06834164,-0.0807526,0.3338803,0.055204764,-0.08261324,0.33426654,stop
0.084075704,-0.13716197,0.32917392,0.10960588,-0.041566096,0.3185104,0.09828068,-0.070500225,0.3273399,0.08893839,-0.077531494,0.32996953,0.07721654,-0.081687,0.33154416,0.06410693,-0.082956,0.33108678,stop
0.14048326,-0.13031384,0.36446035,0.08036097,-0.02368348,0.3761533,0.012179002,-0.06893225,0.40654498,0.0029146299,-0.085960075,0.40522972,0.079016685,-0.11269689,0.37490016,0.08932202,-0.12458953,0.38593215,turnleft
0.12983325,-0.13657084,0.36055925,0.06819539,-0.031025417,0.37470496,1.9490719e-05,-0.079098634,0.40117183,-0.00920669,-0.096293315,0.4008514,0.06446867,-0.12031094,0.37180904,0.07669728,-0.13233192,0.38210464,turnleft
0.13068306,-0.10684345,0.3707506,0.059763268,-0.0061381757,0.38200378,-0.008534238,-0.06595133,0.40466234,-0.014980063,-0.08483647,0.40333205,0.063443065,-0.098948434,0.37837845,0.07616764,-0.109539025,0.3882609,turnleft
0.13161883,-0.104871415,0.3672739,0.06472043,-0.0004950762,0.37447363,-0.0058691055,-0.060582936,0.40191448,-0.012364067,-0.07890651,0.39978442,0.06646912,-0.09495843,0.3751025,0.08027999,-0.10557684,0.38816398,turnleft
0.11521964,-0.13303462,0.37809157,0.0810524,-0.014677249,0.378662,-0.006035134,-0.049059257,0.38922685,-0.018566765,-0.06434776,0.387036,0.053222097,-0.10452314,0.3746192,0.059921615,-0.1178658,0.38721868,turnleft
0.14612995,-0.08742431,0.3744991,0.10168642,0.02729781,0.3772528,0.02055873,-0.01722683,0.40229887,0.010605659,-0.03320323,0.40123087,0.08356767,-0.0654158,0.37946767,0.09427367,-0.07764414,0.3934968,turnleft
0.13088727,-0.093618885,0.38048106,0.08682015,0.021832317,0.3815647,0.0030320585,-0.022693127,0.40403888,-0.006647859,-0.038742363,0.4015692,0.07040956,-0.0717261,0.38701388,0.077739686,-0.08379626,0.3982804,turnleft
0.1242353,-0.08640556,0.3821289,0.07858093,0.028642833,0.38089326,-0.004896462,-0.016839296,0.40571392,-0.014993157,-0.03400621,0.4037353,0.0602662,-0.06538114,0.38629982,0.069703974,-0.077540904,0.3983824,turnleft
0.12942533,-0.10309975,0.37555373,0.084616706,0.012448028,0.37912977,0.002110608,-0.033759058,0.40263712,-0.0084613785,-0.04953082,0.40217966,0.06841504,-0.08163032,0.38149065,0.07628757,-0.09373653,0.39420336,turnleft
0.14556813,-0.11060955,0.36843395,0.10280754,0.0043248087,0.37754768,0.019736454,-0.041527018,0.4010429,0.009200126,-0.057603166,0.4001267,0.08331001,-0.08909699,0.37432605,0.092246085,-0.101279095,0.3869149,turnleft
0.122968905,-0.09462927,0.39091912,0.087067924,0.022184357,0.38110057,-0.0027831942,-0.022534505,0.39664435,-0.012445662,-0.03815481,0.39559853,0.05631493,-0.07171565,0.38671896,0.06762466,-0.08265494,0.40298203,turnleft
0.12171599,-0.09568824,0.3861152,0.06311367,0.0077727735,0.36118436,-0.016877446,-0.042929173,0.39012825,-0.023019075,-0.06112787,0.3927916,0.053553842,-0.08462606,0.38471735,0.063371256,-0.09138569,0.40001923,turnleft
0.12682225,-0.089733064,0.3880976,0.041754797,-0.008514911,0.3790846,-0.01371726,-0.042263076,0.39818722,-0.019786257,-0.060087413,0.39810857,0.06373429,-0.080385,0.38736823,0.071534395,-0.090014845,0.40077958,turnleft
0.12681532,-0.09212361,0.38862076,0.046004735,-0.007611394,0.3820164,-0.011668637,-0.03979878,0.40021664,-0.018525071,-0.056860432,0.3998659,0.061466753,-0.08058295,0.387134,0.06987657,-0.0902563,0.40107715,turnleft
0.13796878,-0.099728405,0.38037616,0.060356487,-0.012757972,0.37336844,7.214397e-05,-0.04374121,0.39546186,-0.0083138645,-0.061227843,0.39664042,0.07034989,-0.08697888,0.37901783,0.08065562,-0.09672341,0.39310586,turnleft
0.12839857,-0.10270549,0.3816984,0.054153405,-0.012365058,0.37500653,-0.009719148,-0.044102564,0.39422044,-0.017987229,-0.062004104,0.39319304,0.0629607,-0.08888267,0.37755102,0.071597934,-0.099016204,0.3917575,turnleft
0.132915,-0.112148255,0.38510817,0.07524696,-0.010761306,0.37379616,0.0048902333,-0.038718313,0.3829457,-0.0061848946,-0.05398415,0.3842052,0.060575828,-0.089157805,0.370672,0.07423378,-0.10062261,0.3890632,turnleft
0.14303726,-0.1039843,0.37021166,0.07515468,-0.007852778,0.3716586,0.010089651,-0.042109743,0.3943457,0.001769647,-0.05959712,0.39454576,0.07807179,-0.08803004,0.37362903,0.090794094,-0.098201886,0.39052653,turnleft
0.13142051,-0.11442061,0.37024745,0.062220596,-0.01754132,0.3679696,-0.0029422753,-0.05460173,0.38950813,-0.011521183,-0.07213186,0.38936248,0.06519194,-0.09855747,0.37320364,0.07397181,-0.10897218,0.38496897,turnleft
0.13296126,-0.11221165,0.36281765,0.06254771,-0.016266435,0.35704345,-0.0012505725,-0.053402945,0.38131922,-0.009193502,-0.07055266,0.38148984,0.06574781,-0.0967194,0.36627656,0.07519111,-0.106633976,0.3785669,turnleft
0.13317552,-0.12154218,0.37409097,0.07572314,-0.017512903,0.36264312,0.0026228204,-0.050356433,0.37353507,-0.006126374,-0.06669779,0.37071794,0.066729434,-0.09988782,0.36575818,0.075686544,-0.111421406,0.38058618,turnleft
0.13688314,-0.12130524,0.36611474,0.07467745,-0.020243734,0.35977343,0.0049231127,-0.055450752,0.37762266,-0.0033562928,-0.07304187,0.37567475,0.07146116,-0.10258463,0.3612262,0.07968056,-0.11295879,0.375174,turnleft
0.13066907,-0.10564687,0.36761653,0.05659771,-0.010866001,0.36706397,-0.008012552,-0.055322155,0.39367986,-0.014696725,-0.07357551,0.39158913,0.060715176,-0.09530681,0.36925352,0.07309397,-0.10499467,0.3816818,turnleft
0.13052563,-0.12671953,0.3588486,0.061736614,-0.028271675,0.36605927,-0.0036000907,-0.06942053,0.38512194,-0.011322834,-0.086557254,0.38306683,0.06329214,-0.11145617,0.3629601,0.074774995,-0.122463666,0.37502432,turnleft
0.14610994,-0.116739005,0.34951654,0.08316712,-0.015383199,0.35501707,0.015812311,-0.051588938,0.37321907,0.0072398335,-0.06849426,0.3716297,0.08008978,-0.09791303,0.35271776,0.089794055,-0.10898173,0.36547464,turnleft
0.12028822,-0.109477885,0.3550682,0.046984904,-0.0141905695,0.3603451,-0.01826926,-0.061004564,0.38160586,-0.025853157,-0.07943323,0.3799654,0.058216855,-0.09853413,0.35979673,0.06715222,-0.10993193,0.37110877,turnleft
0.15059781,-0.119583815,0.34916425,0.09007011,-0.016117886,0.3600918,0.02195406,-0.052889302,0.37843814,0.012378674,-0.068868876,0.37658888,0.0837964,-0.09907423,0.35212925,0.09523374,-0.11126966,0.36568928,turnleft
0.14036189,-0.12118882,0.35106125,0.07628016,-0.019154996,0.35695145,0.008134,-0.058361486,0.37532404,0.0001331903,-0.07582024,0.37204078,0.07974412,-0.10330159,0.35638306,0.08668886,-0.11516013,0.3671605,turnleft
0.12658165,-0.09652034,0.3635128,0.04904347,-0.0037426949,0.3683131,-0.015300885,-0.05541861,0.3891784,-0.021027911,-0.07398309,0.38569734,0.06258753,-0.08890507,0.3666151,0.07395552,-0.099280074,0.378806,turnleft
0.14435606,-0.120121315,0.32388806,0.07609524,-0.02068118,0.3342593,0.011176061,-0.063048445,0.3553234,0.003219597,-0.08075218,0.35317874,0.0674877,-0.104377024,0.3232705,0.08630067,-0.11531771,0.3370555,turnleft
0.14394781,-0.12777081,0.32005224,0.076492146,-0.028612226,0.33012095,0.009776466,-0.071340576,0.34981328,0.0026699342,-0.08973435,0.34644523,0.07800317,-0.11297332,0.3221413,0.08897863,-0.12405252,0.33477277,turnleft
0.15088339,-0.1294831,0.31681886,0.0847138,-0.029652208,0.32873148,0.017893646,-0.07202775,0.34978703,0.01010542,-0.08976977,0.34593776,0.08970865,-0.11381104,0.3258436,0.09738265,-0.12541762,0.3366459,turnleft
0.14735012,-0.12733716,0.32250655,0.08152658,-0.026463851,0.33202574,0.014981747,-0.06867005,0.35121372,0.0062845834,-0.08649785,0.34992278,0.08346183,-0.110678434,0.32855743,0.09224794,-0.12223091,0.34003696,turnleft
0.14532287,-0.12589851,0.32077163,0.07669763,-0.026957132,0.3295921,0.009176735,-0.070596226,0.3498176,0.0018406324,-0.08953246,0.3476445,0.08349067,-0.1119466,0.32673347,0.09291284,-0.12339309,0.33849806,turnleft
0.15609692,-0.12524965,0.32431972,0.09287779,-0.022843137,0.33539048,0.02468118,-0.06357974,0.3543366,0.015834525,-0.0817028,0.35159472,0.091994226,-0.10731712,0.32914948,0.10125373,-0.11920619,0.34037566,turnleft
0.08551949,-0.22112542,0.32632563,-0.0027420558,-0.1670489,0.3682272,0.0021170005,-0.15711807,0.37880993,0.030323613,-0.07288932,0.3839625,0.05860378,-0.07452231,0.38998955,0.09729086,-0.10164325,0.40022558,turnright
0.0900223,-0.21436769,0.32767308,-0.0008552305,-0.16173291,0.36750108,0.0036647334,-0.14894536,0.37546253,0.0346196,-0.05972243,0.37304795,0.06623034,-0.061710224,0.37981033,0.106355086,-0.09006901,0.3902941,turnright
0.07657272,-0.14782785,0.3719317,-0.010310525,-0.08011861,0.38739613,-0.0048229992,-0.0653927,0.3926132,0.020398982,0.009443209,0.3693325,0.050832137,0.01012291,0.37472057,0.09666667,-0.012115464,0.3912735,turnright
0.077247195,-0.16271338,0.32475024,-0.009148932,-0.09424519,0.34663922,-0.0038728695,-0.08089681,0.35425654,0.02465282,-0.0054920316,0.34034044,0.05571414,-0.0045502186,0.34464157,0.10119864,-0.029466927,0.3579774,turnright
0.075725436,-0.17108145,0.31834942,-0.011377794,-0.1012562,0.33578327,-0.006669838,-0.0877503,0.3414057,0.022792121,-0.013865836,0.32746083,0.05235511,-0.012964688,0.33366448,0.09753934,-0.036706015,0.34919563,turnright
0.08539027,-0.1577341,0.34153813,-0.0011323933,-0.088819444,0.361047,0.0046544,-0.07536028,0.37018535,0.031674072,-0.001588136,0.3533637,0.060752384,-0.0013120472,0.35920307,0.10549045,-0.02404949,0.37434542,turnright
0.09157327,-0.15565023,0.3408025,0.007353928,-0.08508848,0.3624981,0.013357791,-0.07242708,0.3690459,0.041220535,0.000871703,0.3541993,0.069570184,0.0013293922,0.3594707,0.11484469,-0.022915855,0.37307084,turnright
0.07965928,-0.16145831,0.3420258,-0.0019942597,-0.08722898,0.35806638,0.004656639,-0.073943764,0.36511713,0.0344195,-0.0036010146,0.34884596,0.06301707,-0.003698185,0.35420397,0.1074404,-0.028621942,0.36988947,turnright
0.082522646,-0.15840212,0.35241294,0.0036617368,-0.08119905,0.36322033,0.009771043,-0.07024343,0.3705322,0.042973332,0.001293689,0.35218135,0.0716071,-0.0003091246,0.3590677,0.11678133,-0.02644144,0.37471655,turnright
0.09623257,-0.1576349,0.35164297,0.015633218,-0.0830892,0.37522793,0.023211688,-0.07044928,0.38208714,0.052970953,0.00019569695,0.36735967,0.08054516,-0.0016373992,0.37308374,0.12667222,-0.026191026,0.38196325,turnright
0.10526729,-0.1678768,0.335876,0.024063185,-0.096298754,0.36255375,0.029716276,-0.083966166,0.36838746,0.058025792,-0.010525733,0.35328448,0.086596325,-0.012109607,0.35879594,0.13257375,-0.03615375,0.3671193,turnright
0.09812945,-0.16990188,0.3378929,0.015410176,-0.09880341,0.3623086,0.021799376,-0.08555506,0.3676636,0.049147785,-0.014424801,0.35427335,0.07754013,-0.014192954,0.3592812,0.12342701,-0.03812988,0.37023488,turnright
0.08824998,-0.13597369,0.3331589,-0.008276522,-0.08290741,0.36139688,-0.0046287496,-0.07021357,0.3710156,0.013607952,0.0060778707,0.37207022,0.043439608,0.011271387,0.37885696,0.08957457,-0.009456232,0.39342612,turnright
0.09478828,-0.12813558,0.35098332,0.00032712705,-0.0699217,0.3769417,0.004938809,-0.05614014,0.388796,0.024863895,0.021098405,0.37868848,0.055410743,0.024627566,0.38488016,0.101791404,0.0047360957,0.39801678,turnright
0.10526849,-0.139804,0.32697344,0.010996476,-0.08367835,0.3525051,0.015050546,-0.070450425,0.3629648,0.03249901,0.0073885173,0.35427555,0.062844805,0.011804849,0.36089644,0.11026637,-0.0059929043,0.37294284,turnright
0.090857714,-0.16230896,0.32744393,0.0025684321,-0.09519948,0.3383018,0.0071292603,-0.08176674,0.34224987,0.033266857,-0.0069556534,0.32221317,0.05972188,-0.006338209,0.33021405,0.107537806,-0.025546536,0.345326,turnright
0.10137991,-0.16104314,0.32625663,0.013040027,-0.09393531,0.34142923,0.017874733,-0.080563605,0.34342396,0.04249267,-0.00856109,0.3278664,0.07138725,-0.0051540285,0.33248842,0.11944362,-0.024278283,0.34459504,turnright
0.10198506,-0.15456174,0.31796932,0.010604256,-0.09387385,0.34207338,0.016533494,-0.08280304,0.3503985,0.037160657,-0.005839914,0.34565383,0.0677118,-0.001194641,0.35101387,0.11265813,-0.021529704,0.36371246,turnright
0.100523315,-0.16907094,0.33036357,0.013856554,-0.09952173,0.3421768,0.019779298,-0.08781834,0.34721762,0.04679931,-0.014287084,0.3329477,0.075573474,-0.01229395,0.3393278,0.1200724,-0.033399373,0.35347742,turnright
0.08881141,-0.11967465,0.35934916,0.0015355749,-0.05016175,0.366916,0.007486591,-0.037204772,0.3717924,0.032869153,0.034179777,0.3542854,0.059895486,0.03636781,0.36196044,0.106052734,0.016545042,0.3812208,turnright
0.1020921,-0.14836368,0.33229226,0.014892241,-0.078357235,0.3424778,0.020529555,-0.06539908,0.34612027,0.045674432,0.006005861,0.3283318,0.07336663,0.007862411,0.33488855,0.12094287,-0.011284649,0.35048306,turnright
0.10499065,-0.15335491,0.32821375,0.017995957,-0.08419455,0.3374492,0.02294926,-0.07111601,0.34112048,0.04798755,1.8924475e-05,0.3244473,0.07574644,0.002759494,0.33115196,0.12228185,-0.016395971,0.34676313,turnright
0.10238308,-0.15112868,0.33349144,0.01590047,-0.080853894,0.34450096,0.021316081,-0.06858276,0.34882092,0.04650657,0.002810128,0.3331862,0.0741261,0.005242601,0.34028515,0.12005483,-0.013871059,0.35440755,turnright
0.108688,-0.1569429,0.32748,0.023248948,-0.08631106,0.34157506,0.028233044,-0.073319055,0.34478885,0.055059038,-0.0015857965,0.32790884,0.08252518,-0.00029447675,0.33536574,0.12708694,-0.020661443,0.3497769,turnright
0.09944488,-0.15262416,0.33814827,0.014047142,-0.08121391,0.3475095,0.019478846,-0.068538666,0.350661,0.04711521,0.0030955523,0.33334827,0.074693754,0.0042681172,0.3409385,0.12015627,-0.016301557,0.3556153,turnright
0.109032914,-0.14486332,0.3339955,0.013855164,-0.09160614,0.3614442,0.018662434,-0.078773916,0.3718607,0.0355146,0.004759595,0.36098346,0.06428075,0.0072689652,0.367788,0.11018762,-0.011541814,0.38112023,turnright
0.107374586,-0.15629482,0.32619435,0.014301939,-0.09679556,0.3467399,0.02032851,-0.08199559,0.35607618,0.042441145,-0.0030109882,0.34226668,0.07035178,-0.0005045384,0.3480011,0.11539905,-0.019913584,0.36340836,turnright
0.09799238,-0.14704567,0.34502387,0.0041136984,-0.08937037,0.36669075,0.009875879,-0.075046316,0.3767118,0.031339966,0.0049394667,0.363997,0.058283273,0.0069180727,0.37001166,0.103030875,-0.0118318945,0.3846776,turnright
0.09581715,-0.16863951,0.34037834,0.013208505,-0.09779267,0.36190328,0.0182572,-0.08670285,0.3666122,0.05294153,-0.006512448,0.34510997,0.080896884,-0.008975476,0.3517585,0.12145897,-0.035552025,0.36880115,turnright
0.10212463,-0.16694959,0.32554245,0.01704688,-0.09690648,0.34356478,0.023745913,-0.08450203,0.34798843,0.052663654,-0.007543236,0.3268211,0.081046015,-0.008171245,0.33503515,0.12240486,-0.031770974,0.35081902,turnright
0.101552434,-0.16948417,0.3236901,0.016152363,-0.09870018,0.34138143,0.023334507,-0.08724986,0.3470959,0.052585192,-0.010400698,0.3276038,0.080828875,-0.010970518,0.33522445,0.12196927,-0.034210414,0.35007694,turnright
0.10547164,-0.17372856,0.31974387,0.021251192,-0.10237577,0.3394345,0.027967298,-0.09119385,0.34357578,0.058184378,-0.01409331,0.32485598,0.08558901,-0.015454501,0.33279973,0.12781516,-0.039794818,0.34650323,turnright
0.109645166,-0.1722941,0.31979844,0.02418398,-0.10125983,0.34088263,0.030703356,-0.089576155,0.34510392,0.06072887,-0.012461163,0.32625365,0.088394046,-0.01414305,0.3337317,0.1307972,-0.038228557,0.347162,turnright
0.10790239,-0.1696016,0.3218192,0.022813173,-0.09894916,0.34073246,0.029005492,-0.087933764,0.34559178,0.059174374,-0.009979829,0.32627988,0.08628082,-0.0116798505,0.33429185,0.12936327,-0.03447652,0.34765455,turnright
0.10081827,-0.17148831,0.32191795,0.016433965,-0.09896438,0.33917177,0.023206402,-0.087724924,0.3441963,0.054093774,-0.011215135,0.32540026,0.08177765,-0.012555078,0.33369267,0.123378925,-0.036817312,0.348476,turnright
