0.10127245,-0.1967152,0.35295916,0.16806285,-0.100792654,0.38691312,0.09558003,-0.088207945,0.37075305,0.08403045,-0.091282226,0.3593312,0.07382014,-0.09698512,0.3638518,0.06223713,-0.10627809,0.3841383,backward
0.119155474,-0.20051652,0.34025866,0.18921918,-0.10803252,0.37373438,0.117511325,-0.092824236,0.35892212,0.105645925,-0.09655363,0.34814975,0.096172154,-0.10335225,0.35298184,0.08616634,-0.112787515,0.37307712,backward
0.12655205,-0.1924941,0.34432745,0.19147131,-0.090968,0.35837042,0.121450774,-0.08816756,0.33771285,0.11062088,-0.09367737,0.3299672,0.10134855,-0.09943572,0.33682668,0.092153326,-0.10628743,0.35741475,backward
0.11580571,-0.20100677,0.35136515,0.17817733,-0.09957192,0.368335,0.1068254,-0.09748908,0.34893787,0.09608342,-0.10273315,0.34104392,0.08665441,-0.10903845,0.34662136,0.07711277,-0.117441565,0.36592215,backward
0.07670906,-0.16637969,0.37450045,0.13841209,-0.06226331,0.379737,0.071964554,-0.062103003,0.3602262,0.061620854,-0.06609035,0.35000503,0.050486606,-0.070531756,0.3556636,0.037298687,-0.07735609,0.3748515,backward
0.14092101,-0.1955393,0.35594362,0.21285895,-0.09702895,0.36131763,0.13832201,-0.09258744,0.34970516,0.12682182,-0.09930353,0.34031597,0.11797096,-0.10424651,0.3501338,0.10689248,-0.11045741,0.37267286,backward
0.13615708,-0.19666114,0.35432768,0.20993824,-0.10083289,0.36661085,0.13957986,-0.100896046,0.34805968,0.12923558,-0.107858784,0.33916768,0.11989011,-0.11200215,0.34657025,0.1095288,-0.11638445,0.36437908,backward
0.14032754,-0.19792318,0.35357994,0.21386513,-0.1023363,0.36639038,0.1448834,-0.101666175,0.34867722,0.13440958,-0.1088474,0.3394011,0.12439692,-0.11195937,0.34427908,0.114705965,-0.11758617,0.36257136,backward
0.14429267,-0.20006299,0.35076684,0.2173318,-0.10342521,0.360982,0.14820334,-0.10253544,0.34485245,0.13750766,-0.10995806,0.33629987,0.12792443,-0.113433264,0.3430477,0.11760101,-0.11791748,0.3630975,backward
0.11191739,-0.17263483,0.35002783,0.18243009,-0.073978156,0.35535672,0.11527598,-0.07978182,0.33659258,0.10483373,-0.08843049,0.32910827,0.09512983,-0.09021728,0.33591282,0.08388987,-0.090753786,0.356833,backward
0.102491274,-0.17218003,0.33455104,0.17274742,-0.08578354,0.36901653,0.118545085,-0.069986016,0.3701254,0.105242185,-0.070225574,0.36389276,0.09482598,-0.07379021,0.37178943,0.082536474,-0.084799804,0.38941994,backward
0.09994265,-0.1793305,0.33600914,0.1584812,-0.0887415,0.37852496,0.10475339,-0.076192185,0.36955822,0.09295042,-0.07708525,0.36345884,0.08213397,-0.08220819,0.3694726,0.07025163,-0.095943324,0.38516134,backward
0.100592375,-0.19688715,0.3542135,0.14991234,-0.09083708,0.36854607,0.087800704,-0.094406106,0.36345223,0.07552323,-0.09840965,0.35640818,0.06735419,-0.10435514,0.3631913,0.061103415,-0.113879636,0.38219357,backward
0.102496825,-0.19124639,0.34056908,0.15901688,-0.09000407,0.36150146,0.09436152,-0.09113741,0.34846547,0.082549,-0.09477085,0.339457,0.073060244,-0.09832538,0.34568408,0.0654126,-0.10648097,0.36501697,backward
0.14643809,-0.20293403,0.34575713,0.22501625,-0.11589497,0.37018567,0.16025326,-0.102996744,0.3430113,0.149198,-0.1075083,0.3337294,0.13922454,-0.10993583,0.3404666,0.12762417,-0.114255495,0.36179712,backward
0.14624168,-0.20629711,0.34519914,0.2235002,-0.11889855,0.37462536,0.16266079,-0.10841703,0.33862856,0.15279564,-0.11068254,0.32964534,0.14181656,-0.11188415,0.33469182,0.12861349,-0.11496537,0.354392,backward
0.14248613,-0.20054632,0.34539095,0.22109388,-0.112299144,0.37009233,0.15971622,-0.103279255,0.3337333,0.14971396,-0.105351284,0.32561126,0.13838726,-0.10668656,0.32977062,0.1255419,-0.10998873,0.34811264,backward
0.1433925,-0.19188988,0.34974474,0.22049434,-0.09854337,0.36617792,0.15860647,-0.09196573,0.3242938,0.1494511,-0.0973458,0.31651306,0.13742724,-0.09942028,0.31742048,0.124177076,-0.105496906,0.33250752,backward
0.14132866,-0.1803632,0.3463569,0.21245347,-0.08935581,0.37733036,0.16744588,-0.08820656,0.3290615,0.16008131,-0.08773479,0.32016465,0.14802329,-0.08785137,0.3188265,0.13219546,-0.09288331,0.33037925,backward
0.12464833,-0.18892992,0.3322011,0.18778631,-0.08798133,0.33579382,0.12322123,-0.08474478,0.3350275,0.109766744,-0.08818134,0.3281684,0.101794146,-0.09340371,0.33751455,0.09442772,-0.1003084,0.36021364,backward
0.12011907,-0.17728405,0.31851456,0.1852003,-0.081059605,0.3366385,0.12799563,-0.07038483,0.3502605,0.11354619,-0.07096144,0.34641096,0.104016826,-0.07906781,0.35239798,0.09625223,-0.093578376,0.36974484,backward
0.14817157,-0.19677001,0.33041787,0.21067628,-0.10023508,0.3564222,0.15803716,-0.09662557,0.34568807,0.14575157,-0.10348163,0.3361552,0.1359137,-0.10966836,0.342616,0.12470978,-0.1159382,0.36231187,backward
0.14653364,-0.1939854,0.33266935,0.20831323,-0.09793296,0.35905552,0.15507078,-0.09279916,0.34813738,0.14288618,-0.10217149,0.33785832,0.13291226,-0.10679607,0.34411833,0.1222924,-0.11292694,0.36390814,backward
0.14533861,-0.19782503,0.33239657,0.20736054,-0.102251366,0.35887322,0.15404996,-0.097987086,0.34537864,0.14214213,-0.106442705,0.33637428,0.13227029,-0.11117993,0.34275925,0.12160824,-0.11793034,0.3606318,backward
0.14219655,-0.20006353,0.331284,0.20439635,-0.104736514,0.3597333,0.15197955,-0.099038094,0.34763876,0.1396659,-0.107002325,0.3372106,0.12955134,-0.11317775,0.34297314,0.11834575,-0.12081005,0.36086452,backward
0.14313582,-0.19683859,0.33307546,0.21035852,-0.10048339,0.35109255,0.15319617,-0.09954553,0.32666466,0.14323026,-0.11100497,0.3209158,0.13233288,-0.11157432,0.32455522,0.120997675,-0.116026275,0.34227386,backward
0.13932598,-0.20049441,0.3325803,0.20483656,-0.10412854,0.35512695,0.14723592,-0.10141336,0.33086103,0.13731843,-0.11349907,0.32357496,0.12666109,-0.11643092,0.3277611,0.11544451,-0.120874524,0.34412223,backward
0.14203411,-0.19707358,0.32430917,0.20691189,-0.10614746,0.35861516,0.1562144,-0.090952754,0.35005784,0.14278418,-0.097457536,0.33784992,0.13249809,-0.10565321,0.3418994,0.12156248,-0.1150071,0.3594557,backward
0.13943541,-0.19878526,0.32704884,0.20207846,-0.106603086,0.36075988,0.15106079,-0.09250693,0.352304,0.13783893,-0.10004959,0.34055412,0.12745623,-0.10903867,0.34320948,0.11634759,-0.118663564,0.35927477,backward
0.13702236,-0.21064273,0.3258049,0.20684786,-0.11805129,0.34827125,0.15209737,-0.10655062,0.33286655,0.13956328,-0.11462043,0.3235698,0.12853177,-0.119125,0.32780913,0.116591334,-0.12563339,0.345371,backward
0.09939749,-0.1813167,0.32263604,0.07843426,-0.06694664,0.34520492,0.07097085,-0.06992534,0.43867728,0.067151554,-0.07873747,0.45845008,0.067918785,-0.096053064,0.46180934,0.069405735,-0.1250027,0.45168507,forward
0.10016148,-0.18153661,0.3218265,0.080539666,-0.067779526,0.34546003,0.07122807,-0.07114695,0.43706486,0.06658003,-0.07985973,0.4566226,0.068319425,-0.09626442,0.46060953,0.06979059,-0.12425922,0.450079,forward
0.11921001,-0.17396884,0.32845804,0.08688254,-0.07544583,0.35418755,0.082633294,-0.0569513,0.4267959,0.072136395,-0.06810382,0.44419274,0.07333269,-0.083466366,0.45370388,0.08035364,-0.109430015,0.4484234,forward
0.11585907,-0.17501631,0.32375744,0.08367254,-0.07738525,0.35170498,0.08193137,-0.060198516,0.4246976,0.07121723,-0.071724206,0.44187182,0.07294538,-0.0866711,0.45184425,0.07936999,-0.11280085,0.445119,forward
0.11255592,-0.17355017,0.32250202,0.078518316,-0.074505925,0.34688318,0.075855434,-0.057017654,0.42047665,0.06556291,-0.06823526,0.4382515,0.06681918,-0.08370867,0.44747716,0.07344238,-0.110092476,0.441507,forward
0.1166049,-0.16852339,0.32407156,0.08365722,-0.070472516,0.3519231,0.07211797,-0.058943495,0.4180501,0.061678972,-0.06986527,0.4317311,0.06140299,-0.08424421,0.44122294,0.07025592,-0.107819885,0.43865046,forward
0.118656896,-0.17297909,0.3237711,0.0841078,-0.075634606,0.35254908,0.07579294,-0.06232837,0.41781303,0.06521904,-0.07457036,0.4328002,0.065809295,-0.08865328,0.44409317,0.074087515,-0.11243488,0.4402151,forward
0.11931673,-0.17089498,0.32577384,0.084688425,-0.06008453,0.3492883,0.07630668,-0.054958746,0.41951066,0.06560026,-0.06777634,0.43578398,0.06239342,-0.084126905,0.44214773,0.06912718,-0.10913509,0.4369396,forward
0.11523655,-0.18171212,0.32426086,0.09039855,-0.07518451,0.35075212,0.08256735,-0.06755398,0.43223566,0.07750578,-0.07557516,0.45127547,0.07904246,-0.09177242,0.45692363,0.08166773,-0.11906664,0.44771472,forward
0.11342803,-0.17768735,0.32440138,0.100868866,-0.05846706,0.33379567,0.09008779,-0.061416492,0.43272457,0.08427313,-0.06947799,0.45199543,0.085354894,-0.0861171,0.4577832,0.08798808,-0.113002315,0.44861057,forward
0.11576816,-0.1866595,0.31926918,0.09303565,-0.06848487,0.33057275,0.09169217,-0.06979859,0.42721212,0.08572741,-0.07912782,0.44629854,0.08811299,-0.09574628,0.45310438,0.09084415,-0.12294501,0.44432533,forward
0.106049135,-0.18267205,0.30810997,0.083115466,-0.064049646,0.31764507,0.079216376,-0.065442234,0.41420504,0.071529,-0.076078504,0.43358612,0.072181955,-0.09333055,0.43960118,0.07383888,-0.120095044,0.42967755,forward
0.12278148,-0.18240413,0.3005563,0.0958978,-0.06553887,0.31558302,0.09105266,-0.07053606,0.40964675,0.083849244,-0.08486654,0.42817616,0.07887547,-0.10421346,0.4300718,0.08743602,-0.12883034,0.42279756,forward
0.11764686,-0.18230388,0.3037066,0.09410095,-0.06466768,0.31154102,0.0848716,-0.06543212,0.4063558,0.07819455,-0.07485686,0.42527357,0.08062661,-0.091338515,0.4331779,0.087557144,-0.11870076,0.4272243,forward
0.111934386,-0.1859861,0.3106637,0.09314143,-0.06778432,0.31400192,0.083841,-0.062037274,0.402583,0.075958684,-0.07051684,0.42194155,0.076542266,-0.08670978,0.43094414,0.08134029,-0.11514348,0.42602322,forward
0.12728614,-0.1855499,0.3092959,0.11390583,-0.0657386,0.3053043,0.106635675,-0.054889202,0.3947613,0.099726096,-0.06102629,0.41511104,0.10099071,-0.07698622,0.42513508,0.10556775,-0.10702759,0.42303985,forward
0.08702404,-0.18732885,0.3229778,0.082386464,-0.067303926,0.3089848,0.064744994,-0.051132604,0.39590734,0.053506386,-0.056561574,0.414519,0.052198,-0.0714031,0.42476416,0.056798846,-0.10058159,0.4256542,forward
0.10958514,-0.1933783,0.30859023,0.10739774,-0.07327156,0.2963399,0.09292707,-0.05829473,0.38409373,0.08281151,-0.06395426,0.4029498,0.082787365,-0.07861402,0.41373292,0.08801784,-0.10789733,0.41441783,forward
0.12677546,-0.17899986,0.29245827,0.09804001,-0.065038145,0.31815246,0.095027015,-0.07719247,0.41263607,0.08884448,-0.091000706,0.430413,0.08895932,-0.108916,0.43390247,0.095342174,-0.1342336,0.42315847,forward
0.1486981,-0.17105295,0.21224512,0.13476117,-0.04997173,0.21912988,0.13840444,-0.048476838,0.31266576,0.132933,-0.05718132,0.3320445,0.12949319,-0.07479321,0.33789152,0.13243274,-0.1020824,0.33143243,forward
0.08415056,-0.19164608,0.16695946,0.046907682,-0.07627887,0.17037264,0.03163024,-0.07718292,0.26744127,0.021783935,-0.088474505,0.2858925,0.01897417,-0.10925669,0.2888934,0.025918478,-0.13790146,0.2803281,forward
0.1480612,-0.18376073,0.27269372,0.13855729,-0.06528914,0.29633418,0.13727076,-0.07417984,0.39110047,0.1303775,-0.085980095,0.408305,0.12979582,-0.10299877,0.4119761,0.13407025,-0.1279414,0.40243822,forward
0.14399396,-0.1875471,0.2918083,0.13393371,-0.067295626,0.3085531,0.12875149,-0.07013338,0.40165234,0.119286,-0.08027897,0.4183708,0.117265664,-0.09720391,0.4229612,0.12063279,-0.124199,0.4157246,forward
0.13815196,-0.18905821,0.2913784,0.12734364,-0.0700322,0.30727893,0.12171939,-0.071107104,0.39836937,0.11172083,-0.08072451,0.41501445,0.109404944,-0.0974017,0.41983777,0.113183,-0.12461489,0.41320974,forward
0.12523222,-0.18331984,0.30181178,0.10617757,-0.06698521,0.3220162,0.09592934,-0.06882922,0.41269347,0.08442515,-0.07933928,0.4283501,0.083778895,-0.09548989,0.43247586,0.08869767,-0.121613234,0.42459553,forward
0.14352214,-0.1767655,0.29481208,0.12543872,-0.056381315,0.2976759,0.12029283,-0.05400987,0.40291497,0.1117656,-0.067619696,0.4243272,0.1085096,-0.09028405,0.4302312,0.112556405,-0.124608204,0.42361426,forward
0.1412931,-0.17825885,0.29355425,0.12524568,-0.057917103,0.295991,0.11726898,-0.057174414,0.40205532,0.109392144,-0.07090047,0.4234801,0.10741459,-0.09163338,0.4291902,0.11203701,-0.12426299,0.422191,forward
0.13887353,-0.17869271,0.29554468,0.11695763,-0.059763707,0.3004503,0.11118098,-0.059479266,0.40448344,0.10351332,-0.07202488,0.4247958,0.10203216,-0.09265281,0.43032825,0.10669924,-0.1242633,0.42305005,forward
0.13634351,-0.17424932,0.27032715,0.09021111,-0.06513715,0.30119938,0.10097214,-0.08601321,0.4070615,0.09274834,-0.10726127,0.4242792,0.093453765,-0.12740767,0.42429703,0.09990951,-0.15452199,0.40894544,forward
0.14837994,-0.17500988,0.27744058,0.116473734,-0.061139323,0.30479485,0.1291084,-0.07347618,0.40676254,0.12164097,-0.08952911,0.425217,0.118626736,-0.10838182,0.426423,0.12083031,-0.13502577,0.413218,forward
0.074156426,-0.14433968,0.33694607,0.074202254,-0.05640644,0.31505442,0.08103828,-0.07447251,0.33049637,0.07257165,-0.08481596,0.3368314,0.061162252,-0.09013331,0.3411322,0.049473166,-0.09376263,0.34208837,stop
0.073761426,-0.14281109,0.33304334,0.073913,-0.05676341,0.3026664,0.081979856,-0.07532636,0.31855664,0.073567025,-0.08606531,0.32448357,0.06260351,-0.091499664,0.3294155,0.05065292,-0.095070824,0.3314606,stop
0.07309987,-0.14449462,0.33877337,0.052154593,-0.056338318,0.306256,0.067997865,-0.07378605,0.320134,0.06245799,-0.083364725,0.32826233,0.0544385,-0.08949724,0.3370447,0.044476535,-0.094420314,0.3431965,stop
0.06868188,-0.14751562,0.32756975,0.041569717,-0.06232372,0.2975025,0.06117904,-0.076493114,0.31023845,0.056138568,-0.08669947,0.31801683,0.04879784,-0.09319745,0.32683498,0.03957408,-0.09842558,0.33415642,stop
0.05529854,-0.13562566,0.33444902,0.08567129,-0.047606558,0.32512715,0.080136836,-0.063843995,0.34042257,0.07130624,-0.07312454,0.33417168,0.06074276,-0.079061724,0.3284936,0.05154652,-0.0826885,0.3213456,stop
0.060679346,-0.14545108,0.3252177,0.083154775,-0.054526366,0.31333748,0.08161365,-0.072403066,0.3279455,0.07257181,-0.08225352,0.32332176,0.061925687,-0.088611126,0.31870115,0.051834516,-0.09254098,0.31272972,stop
0.07551303,-0.13941458,0.32272398,0.06959561,-0.053087324,0.2901392,0.07737779,-0.07053951,0.30711317,0.06969986,-0.08285666,0.31136656,0.059250135,-0.08998772,0.3161001,0.047725007,-0.09509256,0.31721985,stop
0.088438064,-0.13291134,0.35950556,0.08526566,-0.043906957,0.33583426,0.09337041,-0.060235217,0.353671,0.08340234,-0.06822038,0.35695875,0.07173267,-0.07441965,0.35975963,0.060533807,-0.079065576,0.35906333,stop
0.06640037,-0.17351797,0.32606423,0.06696397,-0.083941974,0.29414096,0.07345603,-0.10195996,0.3111584,0.06483704,-0.11263414,0.3171883,0.05356671,-0.11833125,0.32186538,0.041519392,-0.121584,0.32402033,stop
0.050763752,-0.19161138,0.29599985,0.04594732,-0.10220222,0.26238105,0.053275026,-0.12105009,0.27824914,0.045477778,-0.13203564,0.28262174,0.035482787,-0.13932033,0.2880381,0.024224978,-0.14422724,0.29089582,stop
0.054002464,-0.16628993,0.3132744,0.046070255,-0.07659039,0.28331852,0.05562564,-0.09583537,0.29961187,0.0470711,-0.104878396,0.30431384,0.03612969,-0.110837005,0.30918676,0.024610471,-0.11530751,0.31098968,stop
0.0884686,-0.06939858,0.34320202,0.081524365,0.017959498,0.3206338,0.09187731,0.0064311475,0.33578154,0.08251206,-0.0024965256,0.3412227,0.07092254,-0.009379342,0.34518397,0.05963891,-0.014719799,0.34572867,stop
0.13624616,-0.13916853,0.28507113,0.13834943,-0.05581116,0.24910027,0.14829464,-0.069392465,0.26362556,0.13899112,-0.07892601,0.26957834,0.12888843,-0.08450547,0.2766705,0.118048385,-0.08781366,0.28209788,stop
0.08194464,-0.17082286,0.28469655,0.07788486,-0.08206104,0.24925302,0.08416735,-0.10041457,0.26731056,0.07575172,-0.11019832,0.27143818,0.06508242,-0.1159901,0.27715766,0.05342173,-0.12009828,0.2801728,stop
0.07553698,-0.15828212,0.28916237,0.06834147,-0.07147808,0.25639415,0.077389285,-0.088332385,0.2710086,0.06938481,-0.098099895,0.27522653,0.059059422,-0.104247406,0.28085464,0.047432452,-0.108011305,0.2833624,stop
0.05294115,-0.1277931,0.3123542,0.040991608,-0.040716656,0.2779804,0.051027384,-0.0569918,0.2958797,0.042511974,-0.06520354,0.30134806,0.031644993,-0.07160169,0.30632824,0.020302001,-0.07688051,0.30791545,stop
0.0938254,-0.16482787,0.2871027,0.09361017,-0.07871543,0.25599006,0.10052273,-0.09456865,0.2717873,0.09179431,-0.10535108,0.2749139,0.08103885,-0.11154919,0.27979818,0.06896376,-0.11527026,0.28282407,stop
0.09350379,-0.11438915,0.34369564,0.08497845,-0.02759479,0.31416747,0.0957548,-0.04172197,0.3317606,0.086405344,-0.04943624,0.33745217,0.07483415,-0.055111557,0.34263098,0.06323236,-0.059264973,0.34323677,stop
0.09600635,-0.12719102,0.3406408,0.095779635,-0.039057955,0.3224765,0.10452874,-0.053914383,0.3392164,0.09434863,-0.06207022,0.3426184,0.082545504,-0.06852479,0.34581205,0.07104376,-0.07297416,0.34561962,stop
0.10369724,-0.152955,0.29132807,0.09704453,-0.06611819,0.2571982,0.1060317,-0.082374245,0.2744589,0.09736188,-0.091489166,0.27932885,0.0867196,-0.097076066,0.28522134,0.07528726,-0.10102889,0.28852025,stop
0.101770505,-0.12223762,0.30200514,0.09317691,-0.038569555,0.26600716,0.10353866,-0.052838713,0.28228045,0.09485382,-0.06130474,0.2877241,0.08407395,-0.0662171,0.2941265,0.07253477,-0.06959591,0.29834777,stop
0.10250972,-0.11809917,0.3539817,0.106333256,-0.016713157,0.33554566,0.11019018,-0.042805344,0.3568593,0.100468695,-0.052995965,0.36125958,0.08887946,-0.059994027,0.3643622,0.07733809,-0.06475325,0.36417708,stop
0.10395863,-0.14751104,0.33611786,0.11456041,-0.037075743,0.32446536,0.11046192,-0.07578111,0.34152848,0.10035541,-0.08627221,0.34340742,0.08946081,-0.09355663,0.34556586,0.07687449,-0.09721038,0.34712714,stop
0.093403965,-0.15075868,0.33335584,0.10823748,-0.03995526,0.3303832,0.098789446,-0.079263136,0.3424816,0.08812268,-0.08964701,0.3426441,0.07669692,-0.0963663,0.34352452,0.064186774,-0.09956391,0.34406713,stop
0.10899688,-0.15724236,0.3265678,0.12860359,-0.045584053,0.31656158,0.1116011,-0.086616695,0.330691,0.101192884,-0.09590037,0.3326233,0.09015052,-0.1027194,0.33487985,0.07785195,-0.10636768,0.3366783,stop
0.10318955,-0.16942403,0.3198772,0.11555767,-0.06371115,0.30648237,0.10885838,-0.10012415,0.32192117,0.09827855,-0.109033816,0.3223128,0.08719098,-0.11512475,0.32383513,0.07465385,-0.118150026,0.32520694,stop
0.1106613,-0.16216826,0.3397411,0.1460659,-0.04815361,0.33836958,0.11167463,-0.09313322,0.3487286,0.10089763,-0.10113247,0.35054055,0.089405306,-0.10734468,0.35223204,0.07675455,-0.11100542,0.35323238,stop
0.10864592,-0.16092655,0.33923572,0.14056581,-0.044146225,0.33540562,0.1012266,-0.08965768,0.34811014,0.09217902,-0.10052335,0.35098505,0.08182731,-0.108503595,0.35328284,0.06996274,-0.114134625,0.35541332,stop
0.10580458,-0.1646964,0.32488155,0.13069715,-0.047472842,0.31804,0.09805574,-0.0949424,0.32873395,0.08944865,-0.10608289,0.33100432,0.079895064,-0.11432357,0.3337273,0.06812626,-0.11948657,0.33676732,stop
0.10944294,-0.17339145,0.32310182,0.13574068,-0.05638253,0.31698248,0.10161493,-0.101748705,0.32706836,0.09324555,-0.11304618,0.33005023,0.08326569,-0.121271715,0.3326077,0.071476065,-0.12635228,0.33516645,stop
0.15222745,-0.15581182,0.3430894,0.08777765,-0.059572697,0.37203842,0.032469247,-0.09235707,0.39485595,0.023450458,-0.1082069,0.39222217,0.0884756,-0.13614711,0.36092648,0.10144314,-0.14906909,0.37170795,turnleft
0.16253294,-0.1550431,0.3378424,0.099806085,-0.057700843,0.36581838,0.043182224,-0.090749994,0.3875779,0.03492231,-0.10704154,0.38436007,0.106092855,-0.13565141,0.35783154,0.11408884,-0.14841366,0.36735502,turnleft
0.15544197,-0.1542198,0.35277307,0.09479291,-0.05225116,0.36034173,0.035448954,-0.080622256,0.38097033,0.025535075,-0.09806915,0.3804642,0.09623725,-0.1314131,0.35832042,0.10375762,-0.14214425,0.37252542,turnleft
0.15861969,-0.14167145,0.35041767,0.097544044,-0.03963165,0.36206383,0.039626896,-0.0697677,0.38646275,0.031219933,-0.087069705,0.38555327,0.10203642,-0.11966942,0.3645966,0.109794624,-0.13110901,0.37509406,turnleft
0.15998554,-0.12574327,0.33359674,0.09708935,-0.02815184,0.3651179,0.03931529,-0.06867139,0.38316724,0.03132073,-0.08448438,0.37759343,0.10080745,-0.10716069,0.3493944,0.11224912,-0.121108085,0.35833263,turnleft
0.09732511,-0.13736644,0.32135648,0.030615315,-0.038235053,0.3310551,-0.028983835,-0.07501368,0.35205814,-0.037862305,-0.091698796,0.34883514,0.03346884,-0.11841637,0.32887036,0.043636683,-0.13048357,0.34023467,turnleft
0.14276555,-0.1336584,0.32255125,0.090343006,-0.026043013,0.33329004,0.02764655,-0.052961573,0.35668945,0.017623328,-0.06856172,0.3536837,0.08320691,-0.10616116,0.3338264,0.09252775,-0.11905846,0.34583744,turnleft
0.1633865,-0.13105401,0.3504301,0.092144564,-0.06384289,0.35751265,0.04233748,-0.051047474,0.37379214,0.03302812,-0.06842594,0.36973017,0.10604644,-0.1062181,0.35358918,0.1120981,-0.11873104,0.36403048,turnleft
0.15807253,-0.12994063,0.34835762,0.08409457,-0.0628259,0.3527132,0.033484668,-0.052277327,0.36961013,0.024752226,-0.06970519,0.36616585,0.09847801,-0.106334224,0.35207054,0.10423954,-0.118208095,0.36227268,turnleft
0.15347505,-0.13137737,0.34951508,0.096849844,-0.024422482,0.35899723,0.03044197,-0.057465345,0.37272164,0.021155918,-0.07383196,0.36836097,0.09577507,-0.10778637,0.35442024,0.101767436,-0.12046613,0.36526638,turnleft
0.1517979,-0.13625097,0.3487416,0.09585018,-0.028878197,0.35771915,0.026119025,-0.06438254,0.3722521,0.018225111,-0.081872344,0.366468,0.09096072,-0.11388901,0.3512029,0.098961,-0.1262508,0.3643909,turnleft
0.14120784,-0.15443921,0.35197037,0.13044646,-0.032954782,0.351867,0.03493581,-0.05871439,0.37025124,0.022227269,-0.07480274,0.3653562,0.082952045,-0.119352594,0.34758276,0.093032606,-0.1338575,0.3643507,turnleft
0.13299723,-0.0874044,0.36382726,0.09052644,0.029560015,0.3635047,0.00843759,-0.014425099,0.39382628,-0.0006346265,-0.032061666,0.38977754,0.06378486,-0.06605868,0.36317587,0.07993451,-0.076941416,0.38006544,turnleft
0.15664949,-0.117500246,0.3434143,0.100259796,-0.009147689,0.35389936,0.032712907,-0.051680923,0.3833779,0.024621833,-0.07072434,0.37929863,0.092913225,-0.09910977,0.35181987,0.104976945,-0.11023229,0.36384684,turnleft
0.16222948,-0.12454061,0.3431982,0.09533866,-0.027535036,0.3569975,0.038680736,-0.05834593,0.38333535,0.029714238,-0.07641165,0.38018313,0.09807378,-0.10587564,0.34928948,0.11053855,-0.11724822,0.3619396,turnleft
0.16360681,-0.1278006,0.3417383,0.0993093,-0.031443194,0.3542155,0.04143777,-0.059242994,0.3807755,0.030907728,-0.07599436,0.38010156,0.085570484,-0.10578336,0.34514698,0.10497488,-0.117964,0.35690013,turnleft
0.16543467,-0.14185317,0.3402525,0.11254739,-0.03729263,0.33986282,0.047730878,-0.05825706,0.3567718,0.03632383,-0.07353674,0.35505354,0.10191101,-0.113818586,0.3366919,0.10934991,-0.12598513,0.34791428,turnleft
0.16529416,-0.14261106,0.3372882,0.11520891,-0.036016285,0.3373018,0.048475616,-0.05653265,0.3541889,0.036848307,-0.07225931,0.35207918,0.10441414,-0.1146015,0.3333207,0.111877374,-0.12671126,0.3452431,turnleft
0.16410255,-0.14816292,0.3331253,0.116102666,-0.040042564,0.33537567,0.047660343,-0.06286675,0.3509994,0.03623742,-0.07872181,0.3475319,0.09217504,-0.11707911,0.3213542,0.10960196,-0.13149664,0.33908388,turnleft
0.16193137,-0.15647101,0.33033806,0.11497779,-0.04791583,0.3302297,0.045931086,-0.069466904,0.34706852,0.03521734,-0.08665903,0.3426465,0.104171336,-0.12805675,0.32722038,0.11006589,-0.14014213,0.33993253,turnleft
0.16939136,-0.13122872,0.33487543,0.09237255,-0.051615357,0.35736457,0.04241915,-0.07046303,0.36616418,0.034678034,-0.08624989,0.3587173,0.11172466,-0.11198543,0.33698854,0.11785784,-0.12555018,0.34553593,turnleft
0.15624923,-0.14881235,0.32165587,0.09025989,-0.058641784,0.32818353,0.037418224,-0.06964065,0.34394252,0.027399024,-0.08717432,0.34158587,0.09573909,-0.12465485,0.3203963,0.10454241,-0.1364774,0.33359236,turnleft
0.15745556,-0.13484961,0.31847033,0.08776638,-0.045772657,0.33279225,0.032322485,-0.06579605,0.34909093,0.024105841,-0.08452313,0.34432262,0.09806764,-0.11545193,0.32197332,0.10529658,-0.12702572,0.33369118,turnleft
0.17072123,-0.10243739,0.36169493,0.11208542,-0.0054745227,0.37606767,0.058533292,-0.016706541,0.39155725,0.045749467,-0.028610706,0.39134207,0.08761084,-0.06559189,0.36090434,0.11158708,-0.08329035,0.37382373,turnleft
0.1809175,-0.12957053,0.32728612,0.12391755,-0.030370846,0.3373984,0.070134476,-0.0397577,0.35515967,0.058217272,-0.054576427,0.35392183,0.1191971,-0.098975755,0.33287036,0.12772515,-0.11162838,0.34415144,turnleft
0.15763083,-0.1380265,0.3365588,0.109078765,-0.03639804,0.34363112,0.052189745,-0.04235737,0.3573097,0.03960336,-0.056027547,0.3560135,0.09908023,-0.10401371,0.34071332,0.1051918,-0.11659558,0.35275373,turnleft
0.1623215,-0.15378621,0.30121177,0.11022893,-0.05397597,0.3006115,0.05303871,-0.062303007,0.31292665,0.0432391,-0.08148094,0.30802426,0.106219456,-0.123839036,0.2989182,0.11259686,-0.13561805,0.3121258,turnleft
0.16538064,-0.15764244,0.29287124,0.11221139,-0.05820974,0.2928583,0.05505461,-0.06687845,0.305254,0.045532744,-0.08601193,0.30021545,0.109076075,-0.12797253,0.29091603,0.114405625,-0.13951263,0.3028529,turnleft
0.163816,-0.15768865,0.28994805,0.11365519,-0.056987144,0.28820384,0.05487089,-0.06624998,0.30069563,0.044433143,-0.0844649,0.2952792,0.103008844,-0.12729648,0.27945486,0.11212087,-0.13902007,0.29527378,turnleft
0.1617087,-0.16236447,0.29319724,0.11152906,-0.06123612,0.29148358,0.05286146,-0.070687294,0.30530566,0.04275442,-0.089382365,0.30091146,0.11052333,-0.13373557,0.29038438,0.11329861,-0.14443442,0.30292538,turnleft
0.10871159,-0.19310547,0.28340864,0.038514562,-0.109009,0.31616005,0.04721865,-0.09923546,0.31708714,0.09427433,-0.028023807,0.30558717,0.12723248,-0.03586927,0.31426445,0.15363154,-0.06674005,0.32364237,turnright
0.08883859,-0.19555429,0.2962194,0.0211,-0.10867297,0.32514936,0.030284673,-0.09773583,0.3286152,0.08092441,-0.03087357,0.31671223,0.1087933,-0.039964207,0.32592198,0.13776514,-0.07172612,0.33587843,turnright
0.10193357,-0.19076936,0.30292192,0.037562914,-0.09854879,0.3226104,0.04858271,-0.08934088,0.32856768,0.09685129,-0.026613979,0.31400475,0.12320584,-0.034390066,0.32182717,0.15407033,-0.06537351,0.33450854,turnright
0.07962105,-0.19116244,0.32531658,0.018866546,-0.09629904,0.34718108,0.028361164,-0.08636769,0.35133052,0.080803975,-0.026729085,0.33677456,0.10849899,-0.035820335,0.34484023,0.13654901,-0.068267316,0.35771227,turnright
0.09337187,-0.15483958,0.32152545,0.015068069,-0.08025377,0.36142182,0.022484943,-0.07153313,0.3714672,0.057716504,0.0016681738,0.3668258,0.088513255,-0.0034634843,0.3755059,0.12474355,-0.032863513,0.38176093,turnright
0.085424155,-0.1485537,0.36449036,0.013539329,-0.0618059,0.38237965,0.020357482,-0.050725963,0.3894233,0.06384289,0.016473103,0.37104574,0.092068344,0.010794567,0.38164574,0.12463671,-0.01858253,0.39714575,turnright
0.08136548,-0.1509825,0.38545087,0.009231515,-0.06383598,0.37580907,0.014834419,-0.053216837,0.36860904,0.054339364,0.005618904,0.3414941,0.08159037,0.0039985683,0.35003015,0.11962117,-0.017719239,0.37332457,turnright
0.09471199,-0.15749118,0.38058263,0.02500087,-0.068376794,0.38492525,0.029277667,-0.05716368,0.3783413,0.07287094,0.0035850778,0.34700283,0.10246232,-0.00011284277,0.35656533,0.14214799,-0.025986563,0.37718958,turnright
0.09955031,-0.12692049,0.33908913,0.015540533,-0.06055572,0.38310736,0.021123566,-0.05348943,0.3949922,0.05349326,0.012982588,0.41303933,0.08759801,0.0090090465,0.42343408,0.12620868,-0.0227573,0.42983785,turnright
0.101797074,-0.13881874,0.312426,0.020611666,-0.065496646,0.3529507,0.026136704,-0.05873388,0.36765867,0.063265726,0.0060449634,0.38224652,0.09292555,0.00037629716,0.39175078,0.12627606,-0.031183256,0.39975876,turnright
0.104495674,-0.15190873,0.352544,0.0289836,-0.06540356,0.3604861,0.03409092,-0.057599433,0.36314982,0.07641186,0.010920731,0.38129598,0.088838875,0.0017346982,0.39922386,0.09482171,-0.027270285,0.41964725,turnright
0.10686663,-0.15089035,0.33825186,0.030296348,-0.06574417,0.34440425,0.035209313,-0.05781719,0.34694445,0.07365234,0.009972952,0.36515492,0.08700509,0.0021747202,0.38416153,0.09369266,-0.026030162,0.40402856,turnright
0.09028734,-0.145341,0.35126838,0.020810679,-0.062282994,0.3910159,0.027408317,-0.048396003,0.39586493,0.0646621,0.01827387,0.37161452,0.09580432,0.012628749,0.37359762,0.13710234,-0.017612493,0.37831962,turnright
0.099745035,-0.15340179,0.33257467,0.02617219,-0.06668191,0.3525461,0.031913206,-0.05590966,0.3606062,0.074076965,0.00747524,0.35446072,0.103150606,0.0015166309,0.36500016,0.13622369,-0.02796103,0.37897038,turnright
0.099241495,-0.1606468,0.3486963,0.0300503,-0.06843598,0.35559535,0.03751602,-0.06022115,0.3593835,0.08098136,0.00038904697,0.36709905,0.09953287,-0.0046624094,0.3842122,0.10874073,-0.031670175,0.40441918,turnright
0.105385795,-0.18302812,0.27324063,0.027568966,-0.10207105,0.29757088,0.0344131,-0.0939278,0.30555093,0.07131864,-0.027978338,0.30423027,0.10018182,-0.030017555,0.3116874,0.1363377,-0.05666318,0.32244474,turnright
0.1066307,-0.19254737,0.23659515,0.031811953,-0.109646216,0.25938264,0.038800642,-0.099823765,0.26163238,0.07480105,-0.03813358,0.26076385,0.104069725,-0.038200498,0.26856965,0.13982156,-0.06326993,0.27990738,turnright
0.0611528,-0.17077106,0.3048235,-0.022489581,-0.0975381,0.33386138,-0.017415136,-0.08325435,0.3383886,0.012136802,-0.01893223,0.33350188,0.039999634,-0.019445984,0.34200257,0.0834225,-0.04260063,0.35215873,turnright
0.06947875,-0.16805078,0.29862353,-0.011875663,-0.08856803,0.31729743,-0.0071083717,-0.076444075,0.32280043,0.025133751,-0.01353373,0.31658745,0.05259016,-0.014423491,0.32691443,0.09389566,-0.03917931,0.34235808,turnright
0.08224615,-0.16877192,0.29823774,0.0076028183,-0.083657354,0.31647438,0.013615705,-0.07390856,0.32337216,0.05162228,-0.012094401,0.31889907,0.07804166,-0.015564,0.3289322,0.11408202,-0.042087786,0.34396213,turnright
0.10638577,-0.16046238,0.33135304,0.032587454,-0.075559944,0.3586828,0.03880006,-0.0647529,0.36457002,0.076274514,-0.004020009,0.36041558,0.102643415,-0.008009497,0.36854154,0.13716859,-0.033060227,0.37909496,turnright
0.12985413,-0.17078874,0.31846815,0.059145108,-0.08213652,0.34691364,0.06881811,-0.075153515,0.3548196,0.105648145,-0.016674016,0.34948635,0.1329114,-0.018185304,0.3552099,0.16413862,-0.042973954,0.36561054,turnright
0.11726239,-0.16275385,0.32225174,0.045472927,-0.074686214,0.34791,0.05199766,-0.06602141,0.35566586,0.089241594,-0.0071013086,0.3509668,0.114701375,-0.010696607,0.35931593,0.1469595,-0.03594185,0.37189078,turnright
0.11892618,-0.14824949,0.3370092,0.04119476,-0.06568138,0.36414015,0.048593156,-0.055815782,0.37110722,0.080248,0.0056901146,0.3664406,0.105135426,0.0025355704,0.3759136,0.13947819,-0.020236563,0.38674837,turnright
0.105701715,-0.13109015,0.36793128,0.020630784,-0.054969557,0.39214087,0.027336799,-0.04494426,0.40071884,0.05380699,0.018908165,0.39780542,0.08033568,0.018365387,0.40843582,0.11790879,-0.0028827023,0.42067236,turnright
0.11963685,-0.16356793,0.3233629,0.038756438,-0.08494914,0.34837645,0.043860167,-0.0753108,0.3542531,0.07430196,-0.011271341,0.35074505,0.10010247,-0.0120221265,0.3605969,0.13509431,-0.034739286,0.3746649,turnright
0.12087165,-0.15891935,0.31771466,0.041217595,-0.07819523,0.33971435,0.04667498,-0.06891528,0.34540665,0.07881582,-0.004723685,0.34060362,0.103484645,-0.0065002562,0.35103428,0.1363353,-0.028144356,0.36479712,turnright
0.12231149,-0.15635647,0.3183414,0.042943582,-0.075837635,0.33952639,0.0491125,-0.065941624,0.3446428,0.080086485,-0.003529027,0.34115872,0.10417791,-0.005509615,0.35157162,0.13678983,-0.026902853,0.36514285,turnright
0.12690938,-0.15918766,0.32301334,0.04807596,-0.07770972,0.34635636,0.05437749,-0.06779419,0.35284615,0.08681287,-0.005964174,0.3505193,0.11178997,-0.007965606,0.36109674,0.14272593,-0.030462984,0.3742516,turnright
0.12899798,-0.16476677,0.31707782,0.051408336,-0.082460456,0.34175262,0.057939857,-0.072817415,0.34748554,0.090248495,-0.010393268,0.3440842,0.11465317,-0.0127710365,0.35391355,0.14650695,-0.03498429,0.3664003,turnright
